1 -35.9847 -42.2959 -21.203
2 -32.6237 -33.7404 -17.4649
3 -38.7272 -66.7253 -16.0852
4 -27.2349 -57.9762 -7.35476
5 -25.7166 -79.7128 -9.67628
6 -38.1333 -87.3 -16.65
7 -20.5909 -37.55 -10.6157
8 -46.8755 -72.173 -9.24506
9 -17.9823 -91.6671 -12.6478
10 -14.4578 -63.029 -2.79397
11 -7.75249 -77.657 -2.93458
12 -26.9134 -99.9075 -11.7455
13 -14.8995 -43.161 -4.75989
14 -43.5438 -89.513 -8.70555
15 -10.9382 -99.3634 -7.60541
16 -15.5896 -58.3607 3.72647
17 -47.1805 -78.4412 0.546455
18 -6.36277 -92.8759 1.34599
19 -26.3653 -100.821 3.07822
20 -15.9417 -49.6408 5.96193
21 -9.24577 -77.4052 11.5749
22 -21.4035 -66.3406 9.35471
23 -40.603 -89.5407 4.46209
24 -13.5032 -99.7737 16.8624
25 -4.84826 -86.4721 26.0158
26 -13.7131 -72.6225 23.3309
27 -27.7621 -90.8282 16.4178
28 -35.3746 -89.381 20.5916
29 -18.9816 -92.1728 32.6089
30 -16.1421 -83.4238 38.0268
31 -26.2047 -82.262 43.208
32 -53.038 -10.6525 2.59836
33 -60.2812 -22.7985 9.54221
34 -38.6184 -23.9073 11.7192
35 -41.3469 -8.78232 14.5382
36 -40.3582 -27.9712 21.5988
37 -64.8761 -40.685 17.8755
38 -45.9729 -35.8994 17.6618
39 -53.0705 -14.515 16.815
40 -63.4374 -3.03297 11.8581
41 -54.9494 -27.4506 21.4243
42 -65.8391 -19.3385 24.1773
43 -63.0833 -1.86113 24.3611
44 -66.7778 -11.4718 33.7628
45 -57.13 -7.63 31.05
46 -60.2902 -22.6 41.4525
47 -55.0922 -9.02761 44.2823
48 -53.1918 -17.6911 42.4075
49 -9.56745 -13.1755 48.3423
50 -43.4781 -15.5386 49.7561
51 -52.8709 -18.0582 55.6297
52 -53.1963 -27.7273 58.7321
53 -41.1377 -24.8798 54.9816
54 -9.7253 -40.8154 59.7549
55 -5.31379 -28.1319 60.0543
56 -5.48927 -9.42856 58.6132
57 -37.4799 -18.2267 68.1887
58 -36.4742 -43.0253 65.8336
59 -36.5374 -26.1949 65.313
60 -35.8002 -33.9357 67.4406
61 -23.0088 -15.0912 71.2735
62 -20.7585 -27.7263 71.6992
63 -13.1873 -46.3541 74.5291
64 -4.34032 -30.3426 72.6965
65 -10.3918 -17.5818 78.0091
66 -19.4942 -32.9918 74.6288
67 -24.2792 -39.1006 76.65
68 -12.2886 -32.3586 78.1286
69 -48.4081 -44.9808 -20.8543
70 -52.143 -57.5413 -15.1116
71 -55.5677 -66.3861 -1.55782
72 -50.0912 -72.3288 9.65727
73 -29.8245 -74.669 30.1967
74 -60.69 -31.97 44.75
75 -25.0573 -68.1393 53.2561
76 -50.646 -29.04 43.783
77 -39.541 -47.1823 45.479
78 -33.6034 -61.5441 55.872
79 -45.7184 -34.6398 51.702
80 -45.2776 -47.6936 58.6333
81 -14.4498 -71.3782 61.7613
82 -36.2122 -58.8974 65.5759
83 -10.59 -57.07 69.13
84 -28.9316 -52.9086 71.6112
85 -21.2703 -52.5842 74.7988
86 -44.9483 -7.63035 54.3184
87 -28.062 -5.78249 59.4098
88 -33.2679 -9.70358 55.0464
89 -21.0317 -3.66371 72.1219
90 -53.7823 6.67326 26.8045
91 -55.1925 1.29443 40.8422
92 -60.4033 -37.2389 26.2668
93 -61.5872 -50.7439 27.8372
94 -64.9494 -24.8194 34.2831
95 -66.2827 -41.5597 33.1535
96 -59.8 -55.6474 9.50614
97 -47.6041 6.30792 -16.5345
98 -42.1768 2.31158 -5
99 -37.0071 25.3929 -2.42143
100 -43.0387 -13.7594 -1.47813
101 -37.0219 19.3246 7.13553
102 -39.7627 4.5322 11.3924
103 -49.1679 11.3358 1.98679
104 -54.1219 1.04686 4.93312
105 -56.6964 7.92348 14.3976
106 -38.4763 41.3169 28.076
107 -8.32268 22.1907 31.8948
108 -7.475 4.55769 41.3686
109 -12.8887 -29.0877 44.1896
110 -7.7086 9.68983 49.9125
111 -13.741 -43.4769 52.3231
112 -6.26447 -51.0928 60.7921
113 -6.97841 -5.19319 74.6636
114 -14.8158 26.0737 -22.6046
115 -26.8085 24.4673 -21.2958
116 -14.7749 48.0265 -23.8546
117 -6.5134 24.3249 -21.7998
118 -16.2546 66.1336 -13.8811
119 -41.654 -8.33836 -43.7531
120 -29.7895 5.14636 -40.638
121 -29.8884 -10.2985 -32.9059
122 -58.2198 -26.3748 -31.0111
123 -45.0369 -25.3917 -26.086
124 -48.2561 11.6869 -34.1762
125 -34.8554 12.1857 -31.2688
126 -23.5554 -21.0745 -26.4745
127 -32.7699 -77.0062 42.6792
128 -64.6355 -40.8753 42.6211
129 -57.2061 -54.5802 42.7007
130 -37.2969 -65.415 51.7759
131 -48.2345 -52.4636 49.9962
132 -53.9758 -36.7339 49.2726
133 -63.3654 -53.7423 -8.62692
134 -31.5134 50.6756 -15.965
135 -47.2518 48.4242 -10.8179
136 -54.1825 31.3898 8.56519
137 -45.1437 49.656 3.79265
138 -33.0093 58.448 7.47963
139 -48.615 35.13 20.065
140 -48.9794 17.0631 31.2316
141 -43.9091 5.35843 36.6987
142 -43.941 24.1575 43.9473
143 -36.457 16.9237 -9.94298
144 -12.1716 -81.3972 46.382
145 -5.92625 -66.3485 54.4519
146 -5.1434 10.295 29.2346
147 -5.82931 -19.8043 31.2845
148 -6.08436 25.928 47.4593
149 -59.9148 -7.57204 -28.9897
150 -66.6175 -26.241 -18.9866
151 -63.0374 -42.1307 -17.1378
152 -61.469 -13.3491 -13.2841
153 -56.9536 4.99998 -11.2392
154 -65.0051 -38.9159 -1.32354
155 -56.3316 -25.8384 -3.5648
156 -65.1393 -14.4952 -2.5631
157 -66.5325 -33.9102 6.26554
158 -57.81 -45.53 5.32999
159 -62.7627 -50.0051 15.3492
160 -49.1297 -61.2099 15.404
161 -41.6711 -84.7329 25.8857
162 -48.564 -69.2924 23.7617
163 -56.9297 -60.5405 25.3277
164 -44.4149 -77.1266 39.964
165 -50.4145 -65.9538 46.9231
166 -38.9412 22.5443 -17.1079
167 -42.1598 36.3991 -15.3089
168 -6.8303 54.781 -16.6917
169 -7.6432 33.5857 -12.3694
170 -49.8273 31.0008 -11.7922
171 -30.8335 60.6194 -7.93588
172 -51.3251 25.9632 -0.423088
173 -8.91 57.94 -3.06
174 -7.95229 43.1003 2.51634
175 -57.3284 17.3214 11.644
176 -20.4125 68.8176 1.20705
177 -7.61875 33.8321 21.4705
178 -6.95776 53.74 22.1053
179 -18.975 60.9988 24.3134
180 -30.6692 49.3473 29.3782
181 -31.3178 25.5112 45.8025
182 -45.6819 10.5481 53.3503
183 -11.9953 42.8963 51.2526
184 -24.4508 35.0892 48.2397
185 -45.2961 -0.700439 53.531
186 -33.7644 6.77162 62.4563
187 -27.7794 12.5647 59.3367
188 -16.7469 16.3622 67.456
189 -7.99523 5.67767 67.717
190 -9.9017 -51.7788 10.9246
191 -15.4839 -61.7514 21.3268
192 -5.90131 -54.7092 20.7993
193 -8.23904 -41.2678 26.05
194 -12.7902 -72.0781 34.0579
195 -6.62136 -62.5562 31.6227
196 -9.14626 -46.6103 34.7126
197 -5.65143 -37.2872 41.0767
198 -4.36761 -14.7883 39.6593
199 -5.13077 -72.7577 42.0321
200 -7.52801 -54.7755 45.6082
201 31.7811 -38.1004 -22.6279
202 29.0145 -30.9786 -18.1869
203 32.1089 -60.3564 -15.9876
204 35.7352 -77.4288 -14.8754
205 23.9699 -57.4936 -7.59071
206 21.0551 -80.3067 -10.2942
207 16.1 -35.6779 -11.9535
208 17.0113 -89.8642 -12.1604
209 48.875 -65.844 -10.6376
210 40.6901 -85.779 -13.0358
211 6.31578 -76.9452 -3.01363
212 11.2873 -62.1198 -2.19975
213 21.6353 -98.6073 -10.474
214 16.4582 -45.4178 -1.48716
215 6.88895 -94.4197 -2.15264
216 47.6456 -68.3574 4.20872
217 12.9135 -47.1573 5.56563
218 29.8563 -94.885 0.992615
219 7.69835 -75.481 10.5488
220 20.2731 -61.3736 7.47926
221 19.3063 -102.346 8.54868
222 37.5072 -86.3986 8.06638
223 10.9057 -96.5693 20.0714
224 14.3145 -66.6934 20.8447
225 3.72552 -82.4719 24.1214
226 23.7973 -91.1247 21.2047
227 31.9516 -84.1204 21.91
228 11.7387 -79.6443 34.9462
229 11.6459 -89.7291 36.5116
230 26.0667 -82.6833 32.9
231 52.7319 4.28712 -6.69473
232 61.7004 -21.3136 0.788986
233 55.4067 -14.7542 7.02759
234 38.949 -18.2207 5.58232
235 37.3809 -7.93454 14.8108
236 33.7867 -21.1298 15.6854
237 60.5276 -29.4108 14.9349
238 62.9504 -43.2271 18.818
239 41.1224 -13.6247 19.4144
240 40.6624 -29.5714 20.6886
241 50.0596 -12.6657 15.2151
242 58.2579 0.439194 9.84545
243 46.7736 -25.4227 21.7427
244 62.1585 -15.4076 17.8766
245 59.8778 6.98006 32.3102
246 59.6334 -4.32293 27.7545
247 60.6301 -15.7519 31.5492
248 51.106 -5.73115 40.3889
249 54.1883 -18.8484 43.2057
250 9.19286 -18.2214 44.6643
251 51.7649 -12.2799 52.6344
252 42.8436 -9.77058 53.4379
253 45.1795 -28.6863 61.3974
254 4.70768 -10.6391 52.4526
255 40.1828 -22.257 59.595
256 33.569 -19.768 68.4435
257 27.2211 -38.5471 70.2153
258 27.4887 -48.3823 69.7253
259 29.1018 -29.6082 68.1265
260 2.86807 -27.7127 62.6699
261 26.9836 -14.918 72.0868
262 7.37278 -43.6067 72.4333
263 16.422 -26.418 70.716
264 17.0753 -30.2424 74.5829
265 16.9306 -36.4958 78.5986
266 12.3813 -11.5514 74.9411
267 15.1989 -55.7841 75.1418
268 3.00643 -24.9 75.5164
269 12.3093 -24.5451 77.6722
270 9.22447 -35.5926 81.3723
271 46.6305 -50.8846 -19.5549
272 57.2881 -55.4405 -2.98333
273 52.123 -61.1095 16.8707
274 39.3896 -82.7392 29.3594
275 30.6695 -73.9868 31.4282
276 56.2307 -24.9426 46.2559
277 16.1885 -83.2283 48.3101
278 40.4865 -45.3851 55.3159
279 41.2296 -31.8532 47.6551
280 32.2958 -70.9639 48.3472
281 34.4805 -55.3653 49.2839
282 19.8975 -74.2236 51.1541
283 30.7239 -43.3858 56.1131
284 31.0672 -59.6575 53.2381
285 5.56059 -72.4694 52.5271
286 25.4496 -67.0386 55.7911
287 5.50159 -58.7652 61.8012
288 12.761 -70.8921 63.9128
289 24.6994 -59.2836 67.748
290 38.0511 -4.35165 58.6039
291 26.5658 -7.07088 59.3752
292 21.3161 -9.19019 72.6045
293 49.3396 9.52638 26.5836
294 59.9045 -51.1932 11.8841
295 50.6744 -46.9789 21.2784
296 60.0102 -46.2183 31.0704
297 59.5515 -34.1173 29.2053
298 61.305 -26.3433 26.3587
299 62.3185 -27.6945 41.9315
300 60.6625 -36.3795 45.2304
301 51.1955 3.44954 44.3679
302 39.4354 6.82083 -18.1651
303 40.2366 9.43953 -4.29128
304 40.164 -9.65982 -5.2042
305 38.8472 -0.048584 5.57837
306 36.256 23.2469 2.87408
307 38.0509 6.99736 11.1202
308 49.45 5.01825 3.39074
309 53.7704 11.2456 11.297
310 30.807 49.3148 25.2833
311 5.6451 18.5135 35.9279
312 5.47764 2.72017 43.2597
313 10.2856 -37.6236 47.6332
314 4.33624 6.67752 59.5372
315 8.09182 -47.2518 59.7973
316 8.68985 -34.2989 55.7598
317 3.94146 -4.87821 66.6833
318 12.5725 0.438751 75.9781
319 11.1714 25.5876 -22.6391
320 20.9262 23.4144 -22.6349
321 5.10198 48.6361 -26.6036
322 16.9776 45.825 -21.4783
323 2.35751 23.5495 -23.607
324 5.72629 63.7211 -21.4438
325 25.4446 -1.78754 -42.1145
326 47.6328 -8.02972 -41.7024
327 35.2061 16.9156 -40.4402
328 38.2231 -15.0537 -32.3542
329 26.6473 13.3426 -33.6343
330 47.8615 -29.045 -26.8335
331 20.5235 -17.7749 -28.213
332 49.8986 -60.3984 46.7879
333 51.9702 -46.2036 52.4837
334 33.4562 -77.9946 44.1315
335 51.0993 -37.0053 55.9954
336 41.5437 -54.8719 49.0979
337 37.5715 -64.9753 50.6513
338 60.3618 -32.75 -19.8618
339 61.0918 -45.1195 -12.4514
340 33.1755 21.3934 -10.8293
341 23.8687 55.9723 -17.5673
342 39.6037 53.5266 -13.0836
343 22.6762 63.5309 -8.383
344 48.4563 41.934 -4.46407
345 40.096 50.3555 10.2948
346 49.4563 33.1325 14.298
347 48.1744 17.3214 24.5038
348 22.1731 61.5573 17.8288
349 46.7021 31.148 27.4793
350 39.7226 8.45 36.7443
351 36.7207 29.7448 41.9953
352 43.4833 15.8556 48.0111
353 41.9447 3.38091 55.3599
354 32.8106 10.5327 61.4415
355 20.9586 0.207413 67.2299
356 12.4982 -72.552 38.6708
357 3.3707 -67.5293 43.0224
358 5.48167 -25.8775 29.73
359 3.82375 4.39624 31.0238
360 5.83904 33.9058 27.1852
361 3.65231 21.0468 52.8088
362 51.0958 -54.0896 29.5664
363 45.5856 -72.5059 20.6833
364 49.7236 -63.4827 30.5816
365 53.458 -49.5838 40.0732
366 41.7993 -73.9986 42.0701
367 47.3693 9.48232 -37.5316
368 60.6346 -10.556 -24.2062
369 46.0515 17.65 -23.2524
370 54.046 -4.27535 -15.9131
371 62.9765 -29.7665 -5.18231
372 48.1167 -23.45 -5.11666
373 62.9155 -43.7809 3.71909
374 50.3203 -37.923 6.46893
375 32.1544 23.3949 -20.4363
376 32.0312 39.0358 -15.7509
377 45.4171 32.2167 -13.4281
378 52.845 24.1357 4.56361
379 2.66975 37.1563 -14.4533
380 5.76608 67.7675 -9.78497
381 5.54511 41.7273 1.70172
382 5.3707 54.5952 6.00368
383 13.4366 70.0455 3.49461
384 3.90179 25.7821 18.9241
385 4.00912 62.087 23.7627
386 13.8079 56.787 34.0815
387 3.47771 41.1765 42.4604
388 24.7089 30.1656 45.5731
389 11.4314 36.0625 56.7818
390 21.4919 18.7748 60.4491
391 9.41231 12.1742 69.6438
392 11.5965 -55.0332 17.4371
393 6.56613 -44.5984 20.9306
394 15.007 -63.9335 29.2434
395 4.68938 -52.6966 25.0251
396 2.56538 -64.5485 32.1715
397 5.96684 -41.7551 37.6894
398 2.1068 -19.7204 39.6292
399 7.09634 -55.3329 37.7183
400 5.0469 -54.3054 49.0381
401 -25.4643 -4.66001 -21.9543
402 25.2842 -3.33357 -21.8719
403 -20.125 -6.02084 -14.9667
404 19.3409 -5.03637 -15.0364
405 -10.075 -14.0875 7.3875
406 -17.7891 -16.5266 8.225
407 -20.7288 -27.2 4.68875
408 -10.8808 -23.0695 10.3583
409 8.88574 -12.8993 6.6485
410 17.3219 -15.6641 7.18282
411 19.5011 -26.05 4.22447
412 9.64308 -20.0362 10.9855
413 -31.2911 -9.18952 3.32822
414 -26.9124 1.65952 5.65424
415 -13.1429 11.6653 -8.30918
416 -20.7082 4.739 5.39894
417 -16.4807 11.2367 1.71553
418 29.3363 -6.50001 1.24608
419 24.8941 3.77267 3.8521
420 10.58 12.8487 -7.875
421 17.8166 7.50571 5.84238
422 10.9042 16.9434 1.47048
