-7 -52 61 1
-14 -18 40 1
0 -15 47 1
10 -2 45 1
-7 -21 65 1
-7 -33 72 1
13 -33 75 1
-54 -23 43 1
29 -17 71 1
10 -46 73 1
-23 -30 72 1
-40 -19 54 1
29 -39 59 1
50 -20 42 1
-38 -27 69 1
20 -29 60 1
44 -8 57 1
-29 -43 61 1
10 -17 74 1
22 -42 69 1
-45 -32 47 1
-21 -31 61 1
-13 -17 75 1
42 -20 55 1
-38 -15 69 1
-16 -46 73 1
2 -28 60 1
3 -17 58 1
38 -17 45 1
-49 -11 35 1
36 -9 14 1
51 -6 32 1
-53 -10 24 1
66 -8 25 1
-3 2 53 1
54 -28 34 1
19 -8 64 1
-16 -5 71 1
-10 -2 42 1
37 1 -4 1
13 -1 70 1
7 8 51 1
-45 0 9 1
49 8 -1 1
-34 3 4 1
-51 8 -2 1
-5 18 34 1
36 10 1 1
32 -26 13 1
65 -33 20 1
58 -16 7 1
-38 -33 17 1
-60 -25 14 1
-49 -26 5 1
43 -23 20 1
-50 -34 26 1
-53 -22 23 1
-55 -9 12 1
56 -5 13 1
59 -17 29 1
-30 -27 12 1
4 -48 51 1
11 -39 50 1
42 0 47 1
37 32 -2 1
-1 15 44 1
5 23 37 1
6 -24 0 1
-10 -18 7 1
12 -17 8 1
-5 -28 -4 1
31 -14 2 1
23 10 1 1
29 1 4 1
-31 -11 0 1
9 -4 6 1
54 -43 22 1
-55 -40 14 1
-16 -65 -20 1
-52 -63 5 1
47 -30 49 1
-17 -59 64 1
29 -5 54 1
