6 67 -4 3
8 48 -15 3
-18 63 -9 3
-46 -61 21 3
-44 12 -34 3
46 16 -30 3
-68 -23 -16 3
-58 -26 -15 3
27 16 -17 3
-44 -65 35 3
-7 -55 27 3
6 -59 35 3
8 -48 31 3
52 -59 36 3
23 33 48 3
-10 39 52 3
-16 29 53 3
-35 20 51 3
22 39 39 3
13 55 38 3
-10 55 39 3
-20 45 39 3
6 54 16 3
6 64 22 3
-7 51 -1 3
9 54 3 3
-3 44 -9 3
8 42 -5 3
-11 45 8 3
-2 38 36 3
-3 42 16 3
-20 64 19 3
-8 48 23 3
65 -12 -19 3
-56 -13 -10 3
-58 -30 -4 3
65 -31 -9 3
-68 -41 -5 3
13 30 59 3
12 36 20 3
52 -2 -16 3
28 -77 -32 3
52 7 -30 3
-53 3 -27 3
47 -50 29 3
-49 -42 1 3
-31 19 -19 3
-46 31 -13 3
-10 11 67 3
49 35 -12 3
-44 2 46 3
40 18 40 3
-34 55 4 3
-28 52 21 3
31 56 14 3
-56 -50 10 3
52 -33 8 3
51 -29 -4 3
56 -46 11 3
-49 25 -1 3
56 -52 18 3
-56 -56 18 3
