-25 -98 -12 2
27 -97 -13 2
8 -91 -7 2
17 -91 -14 2
-12 -95 -13 2
18 -47 -10 2
40 -72 14 2
8 -72 11 2
-8 -81 7 2
-28 -79 19 2
20 -66 2 2
-24 -91 19 2
27 -59 -9 2
-15 -72 -8 2
-18 -68 5 2
43 -78 -12 2
-47 -76 -10 2
-14 -91 31 2
15 -87 37 2
29 -77 25 2
20 -86 -2 2
15 -77 31 2
-16 -52 -1 2
42 -66 -8 2
24 -87 24 2
6 -72 24 2
-42 -74 0 2
26 -79 -16 2
-16 -77 34 2
-3 -81 21 2
-40 -88 -6 2
37 -84 13 2
6 -81 6 2
-26 -90 3 2
-33 -79 -13 2
37 -81 1 2
-47 -51 -21 2
46 -47 -17 2
46 -59 4 2
25 -58 60 2
-27 -71 37 2
-42 -60 -9 2
