-25 -98 -12 2
27 -97 -13 2
24 32 -18 99
-56 -45 -24 99
8 41 -24 99
-21 -22 -20 5
17 -28 -17 5
-37 -29 -26 99
65 -24 -19 4
52 -34 -27 99
55 -31 -17 99
34 38 -12 5
-7 -52 61 1
-14 -18 40 1
0 -15 47 1
10 -2 45 1
-7 -21 65 1
-7 -33 72 1
13 -33 75 1
-54 -23 43 1
29 -17 71 1
10 -46 73 1
-23 -30 72 1
-40 -19 54 1
29 -39 59 1
50 -20 42 1
-38 -27 69 1
20 -29 60 1
44 -8 57 1
-29 -43 61 1
10 -17 74 1
22 -42 69 1
-45 -32 47 1
-21 -31 61 1
-13 -17 75 1
42 -20 55 1
-38 -15 69 1
-16 -46 73 1
2 -28 60 1
3 -17 58 1
38 -17 45 1
-49 -11 35 1
36 -9 14 1
51 -6 32 1
-53 -10 24 1
66 -8 25 1
-3 2 53 1
54 -28 34 1
19 -8 64 1
-16 -5 71 1
-10 -2 42 1
37 1 -4 1
13 -1 70 1
7 8 51 1
-45 0 9 1
49 8 -1 1
-34 3 4 1
-51 8 -2 1
-5 18 34 1
36 10 1 1
32 -26 13 1
65 -33 20 1
58 -16 7 1
-38 -33 17 1
-60 -25 14 1
-49 -26 5 1
43 -23 20 1
-50 -34 26 1
-53 -22 23 1
-55 -9 12 1
56 -5 13 1
59 -17 29 1
-30 -27 12 1
-41 -75 26 5
6 67 -4 3
8 48 -15 3
-13 -40 1 5
-18 63 -9 3
-46 -61 21 3
43 -72 28 5
-44 12 -34 3
46 16 -30 3
-68 -23 -16 3
-58 -26 -15 3
27 16 -17 3
-44 -65 35 3
-39 -75 44 5
-7 -55 27 3
6 -59 35 3
-11 -56 16 5
-3 -49 13 5
8 -48 31 3
15 -63 26 5
-2 -37 44 5
11 -54 17 5
52 -59 36 3
23 33 48 3
-10 39 52 3
-16 29 53 3
-35 20 51 3
22 39 39 3
13 55 38 3
-10 55 39 3
-20 45 39 3
6 54 16 3
6 64 22 3
-7 51 -1 3
9 54 3 3
-3 44 -9 3
8 42 -5 3
-11 45 8 3
-2 38 36 3
-3 42 16 3
-20 64 19 3
-8 48 23 3
65 -12 -19 3
-56 -13 -10 3
-58 -30 -4 3
65 -31 -9 3
-68 -41 -5 3
13 30 59 3
12 36 20 3
52 -2 -16 3
-26 -40 -8 5
27 -37 -13 5
-34 -38 -16 5
28 -77 -32 3
52 7 -30 3
-53 3 -27 3
47 -50 29 3
-49 -42 1 3
-31 19 -19 3
-2 -35 31 5
-7 -71 42 5
11 -66 42 5
4 -48 51 1
-46 31 -13 3
-10 11 67 3
49 35 -12 3
8 -91 -7 2
17 -91 -14 2
-12 -95 -13 2
18 -47 -10 2
40 -72 14 2
8 -72 11 2
-8 -81 7 2
-28 -79 19 2
20 -66 2 2
-24 -91 19 2
27 -59 -9 2
-15 -72 -8 2
-18 -68 5 2
43 -78 -12 2
-47 -76 -10 2
-14 -91 31 2
15 -87 37 2
29 -77 25 2
20 -86 -2 2
15 -77 31 2
-16 -52 -1 2
42 -66 -8 2
24 -87 24 2
6 -72 24 2
-42 -74 0 2
26 -79 -16 2
-16 -77 34 2
-3 -81 21 2
-40 -88 -6 2
37 -84 13 2
6 -81 6 2
-26 -90 3 2
-33 -79 -13 2
37 -81 1 2
-44 2 46 3
48 25 27 4
-47 11 23 4
-53 -49 43 4
-23 11 64 4
58 -53 -14 4
24 45 -15 4
34 54 -13 99
-21 41 -20 99
-18 -76 -24 99
17 -80 -34 99
35 -67 -34 99
47 10 33 4
-41 6 33 4
-42 38 21 4
38 43 15 4
49 -42 45 4
-28 -58 48 4
44 -53 47 4
32 14 56 4
37 -65 40 5
-42 -55 45 4
40 18 40 3
-34 55 4 3
-42 45 -2 4
33 -53 44 4
43 49 -2 4
-42 25 30 4
-3 26 44 4
11 -39 50 1
55 -45 37 4
42 0 47 1
31 33 26 99
48 22 10 6
-35 20 0 4
36 22 3 4
37 32 -2 1
34 16 -8 6
-11 26 25 6
-1 15 44 1
-28 52 21 3
0 30 27 6
5 23 37 1
10 22 27 6
31 56 14 3
26 50 27 6
-39 51 17 6
2 -24 30 5
6 -24 0 1
-2 -13 12 6
-10 -18 7 1
12 -17 8 1
-5 -28 -4 1
-22 7 -5 6
-13 11 12 6
31 -14 2 1
23 10 1 1
29 1 4 1
-31 -11 0 1
13 13 12 6
9 -4 6 1
54 -43 22 1
-56 -50 10 3
-55 -40 14 1
52 -33 8 3
51 -29 -4 3
56 -46 11 3
53 33 1 4
-49 25 -1 3
-16 -65 -20 1
-32 -55 -25 99
22 -58 -23 99
1 -62 -18 99
33 -12 -34 5
-31 -10 -36 5
10 -62 61 4
-52 -63 5 1
-47 -51 -21 2
46 -47 -17 2
47 -30 49 1
22 -65 48 4
46 -59 4 2
25 -58 60 2
-33 -46 47 4
-27 -71 37 2
-32 -1 54 4
-42 -60 -9 2
-17 -59 64 1
29 -5 54 1
23 -2 -19 5
-23 -3 -18 5
2 24 -13 99
56 -52 18 3
-56 -56 18 3
12 8 -8 99
-10 8 -10 99
