-25 -98 -12 3 1 "V1"
30 -94 -10 3 1 "V2"
24 32 -18 4 1 "V3"
-56 -45 -24 3 1 "V4"
8 41 -24 5 1 "V5"
-24 -15 -20 2 1 "V6"
26 -15 -20 2 1 "V7"
-37 -29 -26 3 1 "V8"
65 -24 -19 5 1 "V9"
42 -34 -24 3 1 "V10"
55 -31 -17 4 1 "V11"
34 38 -12 5 1 "V12"
-7 -52 61 1 1 "V13"
-14 -18 40 1 1 "V14"
-4 -16 47 1 1 "V15"
10 -2 45 1 1 "V16"
-7 -21 65 1 1 "V17"
-7 -33 72 1 1 "V18"
13 -33 75 1 1 "V19"
-54 -23 43 1 1 "V20"
29 -17 71 1 1 "V21"
10 -50 70 1 1 "V22"
-23 -30 72 1 1 "V23"
-40 -19 54 1 1 "V24"
29 -39 59 1 1 "V25"
50 -20 42 1 1 "V26"
-38 -27 67 1 1 "V27"
20 -29 60 1 1 "V28"
44 -8 57 1 1 "V29"
-29 -43 61 1 1 "V30"
10 -17 74 1 1 "V31"
22 -42 69 1 1 "V32"
-45 -32 47 1 1 "V33"
-21 -31 61 1 1 "V34"
-13 -17 75 1 1 "V35"
42 -20 55 1 1 "V36"
-38 -16 64 1 1 "V37"
-16 -46 73 1 1 "V38"
6 -32 62 1 1 "V39"
6 -16 58 1 1 "V40"
38 -17 45 1 1 "V41"
-49 -11 35 1 1 "V42"
36 -9 14 1 1 "V43"
51 -6 32 1 1 "V44"
-53 -10 24 1 1 "V45"
64 -8 25 1 1 "V46"
-6 2 53 1 1 "V47"
54 -28 34 1 1 "V48"
19 -8 64 1 1 "V49"
-16 -5 71 1 1 "V50"
-10 -2 42 1 1 "V51"
37 1 -4 1 1 "V52"
13 -1 70 1 1 "V53"
7 8 51 1 1 "V54"
-45 0 9 1 1 "V55"
49 8 -1 1 1 "V56"
-34 3 4 1 1 "V57"
-51 8 -2 1 1 "V58"
-8 18 34 1 1 "V59"
36 10 1 1 1 "V60"
32 -26 13 1 1 "V61"
65 -33 20 1 1 "V62"
58 -16 7 1 1 "V63"
-38 -33 17 1 1 "V64"
-60 -25 14 1 1 "V65"
-49 -26 5 1 1 "V66"
43 -23 20 1 1 "V67"
-50 -34 26 1 1 "V68"
-53 -22 23 1 1 "V69"
-55 -9 12 1 1 "V70"
56 -5 13 1 1 "V71"
59 -17 29 1 1 "V72"
-30 -27 12 1 1 "V73"
-41 -75 26 5 1 "V74"
6 67 -4 5 1 "V75"
8 48 -15 5 1 "V76"
-13 -40 1 3 1 "V77"
-18 63 -9 5 1 "V78"
-46 -61 21 5 1 "V79"
43 -72 28 5 1 "V80"
-44 12 -34 5 1 "V81"
46 16 -30 5 1 "V82"
-64 -23 -10 5 1 "V83"
-58 -26 -20 5 1 "V84"
27 16 -17 5 1 "V85"
-44 -65 35 5 1 "V86"
-36 -75 44 5 1 "V87"
-7 -55 27 5 1 "V88"
6 -59 35 5 1 "V89"
-11 -56 16 5 1 "V90"
-6 -49 13 5 1 "V91"
8 -48 31 5 1 "V92"
15 -63 26 5 1 "V93"
-6 -37 44 5 1 "V94"
11 -54 17 5 1 "V95"
52 -59 36 5 1 "V96"
23 33 48 5 1 "V97"
-10 39 52 5 1 "V98"
-16 29 53 5 1 "V99"
-35 20 51 5 1 "V100"
22 39 39 5 1 "V101"
13 55 38 5 1 "V102"
-10 55 39 5 1 "V103"
-20 45 39 5 1 "V104"
6 54 16 5 1 "V105"
6 64 22 5 1 "V106"
-7 51 -1 5 1 "V107"
9 54 3 5 1 "V108"
-6 44 -9 5 1 "V109"
8 42 -5 5 1 "V110"
-11 45 8 5 1 "V111"
-6 38 36 5 1 "V112"
-4 42 16 5 1 "V113"
-20 64 19 5 1 "V114"
-8 48 24 5 1 "V115"
64 -12 -18 5 1 "V116"
-56 -13 -10 5 1 "V117"
-58 -30 -4 5 1 "V118"
65 -31 -9 5 1 "V119"
-64 -41 -5 5 1 "V120"
13 30 59 5 1 "V121"
8 41 19 5 1 "V122"
52 -2 -16 5 1 "V123"
-26 -40 -8 5 1 "V124"
27 -37 -13 5 1 "V125"
-34 -38 -16 5 1 "V126"
28 -77 -32 5 1 "V127"
52 7 -30 5 1 "V128"
-53 3 -27 5 1 "V129"
47 -50 29 5 1 "V130"
-49 -42 1 5 1 "V131"
-31 19 -19 5 1 "V132"
-6 -35 31 5 1 "V133"
-7 -71 42 5 1 "V134"
11 -66 42 5 1 "V135"
4 -48 51 5 1 "V136"
-46 31 -13 5 1 "V137"
-10 11 67 5 1 "V138"
49 35 -12 5 1 "V139"
8 -91 -7 3 1 "V140"
17 -91 -14 3 1 "V141"
-12 -95 -13 3 1 "V142"
18 -47 -10 3 1 "V143"
40 -72 14 3 1 "V144"
8 -72 11 3 1 "V145"
-8 -81 7 3 1 "V146"
-28 -79 19 3 1 "V147"
20 -66 2 3 1 "V148"
-24 -91 19 3 1 "V149"
27 -59 -9 3 1 "V150"
-15 -72 -8 3 1 "V151"
-18 -68 5 3 1 "V152"
43 -78 -12 3 1 "V153"
-47 -76 -10 3 1 "V154"
-14 -91 31 3 1 "V155"
15 -87 37 3 1 "V156"
29 -77 25 3 1 "V157"
20 -86 -2 3 1 "V158"
15 -77 31 3 1 "V159"
-16 -52 -1 3 1 "V160"
42 -66 -8 3 1 "V161"
24 -87 24 3 1 "V162"
6 -72 24 3 1 "V163"
-42 -74 0 3 1 "V164"
26 -79 -12 3 1 "V165"
-16 -77 34 3 1 "V166"
-3 -81 21 3 1 "V167"
-40 -88 -6 3 1 "V168"
37 -84 13 3 1 "V169"
6 -81 6 3 1 "V170"
-26 -90 3 3 1 "V171"
-33 -79 -13 3 1 "V172"
37 -81 1 3 1 "V173"
-44 2 46 5 1 "V174"
48 25 27 5 1 "V175"
-47 11 23 4 1 "V176"
-53 -49 43 4 1 "V177"
-23 11 64 4 1 "V178"
58 -53 -14 4 1 "V179"
24 45 -15 4 1 "V180"
34 54 -13 5 1 "V181"
-21 38 -18 4 1 "V182"
-18 -76 -24 5 1 "V183"
17 -80 -34 5 1 "V184"
35 -67 -34 4 1 "V185"
47 10 33 4 1 "V186"
-41 6 33 4 1 "V187"
-42 38 21 4 1 "V188"
38 43 15 4 1 "V189"
49 -42 45 4 1 "V190"
-28 -58 48 4 1 "V191"
48 -54 46 5 1 "V192"
32 14 56 5 1 "V193"
37 -65 40 5 1 "V194"
-42 -55 45 4 1 "V195"
40 18 40 5 1 "V196"
-34 55 4 5 1 "V197"
-42 45 -2 4 1 "V198"
33 -53 44 4 1 "V199"
43 49 -2 4 1 "V200"
-42 25 30 4 1 "V201"
-6 26 44 4 1 "V202"
11 -39 50 1 1 "V203"
55 -45 37 5 1 "V204"
42 0 47 5 1 "V205"
31 33 26 4 1 "V206"
48 22 10 5 1 "V207"
-35 20 0 4 1 "V208"
36 22 3 4 1 "V209"
37 32 -2 5 1 "V210"
34 16 -8 5 1 "V211"
-10 34 22 5 1 "V212"
-4 14 44 1 1 "V213"
-28 52 21 5 1 "V214"
-4 30 28 5 1 "V215"
5 23 37 1 1 "V216"
10 27 31 5 1 "V217"
31 56 14 5 1 "V218"
26 50 27 5 1 "V219"
-39 51 17 4 1 "V220"
6 -24 30 5 1 "V221"
8 -22 0 1 1 "V222"
-2 -13 12 5 1 "V223"
-10 -18 7 1 1 "V224"
12 -17 8 1 1 "V225"
-5 -28 -4 1 1 "V226"
-22 7 -5 1 1 "V227"
-12.7 10.7 12.2 5 1 "V228"
31 -14 2 1 1 "V229"
23 10 1 1 1 "V230"
29 1 4 1 1 "V231"
-31 -11 0 1 1 "V232"
10 13 10 5 1 "V233"
9 -4 6 5 1 "V234"
54 -43 22 5 1 "V235"
-56 -50 10 5 1 "V236"
-55 -40 14 1 1 "V237"
52 -33 8 5 1 "V238"
51 -29 -4 5 1 "V239"
56 -46 11 5 1 "V240"
53 33 1 5 1 "V241"
-49 25 -1 5 1 "V242"
-16 -65 -20 1 1 "V243"
-32 -55 -25 1 1 "V244"
22 -58 -23 1 1 "V245"
1 -62 -18 1 1 "V246"
33 -12 -34 2 1 "V247"
-31 -10 -36 2 1 "V248"
10 -62 61 4 1 "V251"
-52 -63 5 3 1 "V252"
-47 -51 -21 3 1 "V253"
46 -47 -17 3 1 "V254"
47 -30 49 1 1 "V255"
22 -65 48 3 1 "V256"
46 -59 4 3 1 "V257"
25 -58 60 3 1 "V258"
-33 -46 47 3 1 "V259"
-27 -71 37 3 1 "V260"
-32 -1 54 4 1 "V261"
-42 -60 -9 3 1 "V262"
-17 -59 64 1 1 "V263"
29 -5 54 1 1 "V264"
22.8 -2.2 -19 2 1 "V265"
-23.4 -3.4 -18.5 2 1 "V266"
2 24.5 -13 5 1 "V267"
56 -54 19 5 1 "V268"
-56 -56 18 5 1 "V269"
10 8 -8 2 1 "V270"
-10 8 -8 2 1 "V271"
