1 2 1
1 7 1
1 18 1
1 61 1
1 137 1
1 138 1
1 140 1
1 141 1
1 143 1
1 145 1
1 146 1
1 148 1
1 149 1
1 150 1
1 151 1
1 152 1
1 157 1
1 163 1
1 165 1
1 167 1
1 169 1
1 170 1
1 256 1
2 74 1
2 124 1
2 125 1
2 126 1
2 140 1
2 142 1
2 143 1
2 144 1
2 149 1
2 151 1
2 153 1
2 154 1
2 157 1
2 169 1
2 256 1
3 6 1
3 9 1
3 11 1
3 84 1
3 91 1
3 94 1
3 107 1
3 113 1
3 133 1
3 135 1
3 139 1
3 179 1
3 182 1
3 188 1
3 190 1
3 196 1
3 198 1
3 208 1
3 210 1
3 212 1
3 220 1
3 221 1
3 247 1
3 268 1
3 269 1
5 83 1
5 86 1
5 87 1
5 88 1
5 92 1
5 95 1
5 96 1
5 107 1
5 116 1
5 119 1
5 120 1
5 135 1
5 193 1
5 202 1
6 7 1
6 61 1
6 62 1
6 66 1
6 73 1
6 81 1
6 83 1
6 86 1
6 88 1
6 89 1
6 90 1
6 91 1
6 92 1
6 94 1
6 107 1
6 109 1
6 110 1
6 116 1
6 117 1
6 118 1
6 132 1
6 133 1
6 134 1
6 135 1
6 139 1
6 146 1
6 193 1
6 227 1
6 243 1
6 245 1
6 247 1
6 248 1
7 8 1
7 18 1
7 62 1
7 63 1
7 65 1
7 66 1
7 73 1
7 81 1
7 83 1
7 92 1
7 109 1
7 116 1
7 117 1
7 118 1
7 123 1
7 128 1
7 132 1
7 137 1
7 139 1
7 141 1
7 142 1
7 143 1
7 148 1
7 157 1
7 184 1
7 193 1
7 239 1
7 243 1
7 245 1
7 248 1
7 256 1
8 61 1
8 76 1
8 86 1
8 91 1
8 107 1
8 109 1
8 110 1
8 116 1
8 132 1
8 133 1
8 139 1
8 146 1
8 167 1
8 181 1
8 227 1
8 230 1
8 245 1
8 247 1
8 269 1
9 84 1
9 92 1
9 93 1
9 94 1
9 95 1
9 108 1
9 133 1
9 135 1
9 192 1
9 193 1
9 196 1
10 20 1
10 42 1
10 43 1
10 67 1
10 71 1
10 153 1
10 154 1
10 160 1
10 164 1
10 168 1
10 172 1
10 224 1
10 238 1
10 255 1
11 84 1
11 94 1
11 179 1
11 182 1
11 184 1
11 185 1
11 188 1
11 196 1
11 204 1
11 208 1
11 212 1
11 220 1
11 258 1
12 75 1
12 76 1
12 90 1
12 91 1
12 95 1
12 107 1
12 108 1
12 109 1
12 110 1
12 116 1
12 132 1
12 193 1
12 228 1
13 25 1
13 32 1
13 48 1
13 51 1
13 53 1
13 54 1
13 56 1
13 64 1
13 68 1
13 74 1
13 97 1
13 101 1
13 104 1
13 147 1
13 151 1
13 155 1
13 156 1
13 162 1
13 166 1
13 203 1
13 213 1
13 214 1
13 216 1
13 257 1
13 262 1
14 16 1
14 18 1
14 19 1
14 21 1
14 24 1
14 26 1
14 27 1
14 28 1
14 39 1
14 40 1
14 41 1
14 44 1
14 45 1
14 47 1
14 52 1
14 53 1
14 54 1
14 55 1
14 56 1
14 62 1
14 63 1
14 65 1
14 66 1
14 67 1
14 70 1
14 73 1
14 121 1
14 147 1
14 157 1
14 175 1
14 178 1
14 186 1
14 193 1
14 222 1
14 229 1
14 232 1
14 239 1
14 243 1
14 245 1
14 256 1
14 259 1
14 262 1
15 78 1
15 96 1
15 97 1
15 112 1
15 118 1
15 121 1
15 128 1
15 129 1
15 130 1
15 134 1
15 135 1
15 136 1
15 139 1
15 184 1
15 196 1
15 215 1
15 239 1
15 241 1
15 247 1
16 18 1
16 19 1
16 20 1
16 21 1
16 23 1
16 24 1
16 26 1
16 28 1
16 29 1
16 31 1
16 32 1
16 33 1
16 36 1
16 38 1
16 39 1
16 41 1
16 42 1
16 44 1
16 45 1
16 46 1
16 51 1
16 52 1
16 53 1
16 55 1
16 56 1
16 62 1
16 64 1
16 65 1
16 67 1
16 68 1
16 69 1
16 70 1
16 71 1
16 123 1
16 130 1
16 175 1
16 178 1
16 186 1
16 222 1
16 229 1
16 232 1
16 238 1
16 239 1
16 240 1
16 245 1
16 253 1
16 256 1
16 259 1
17 20 1
17 21 1
17 24 1
17 29 1
17 37 1
17 69 1
18 19 1
18 24 1
18 27 1
18 28 1
18 33 1
18 36 1
18 40 1
18 41 1
18 42 1
18 44 1
18 46 1
18 47 1
18 51 1
18 52 1
18 54 1
18 55 1
18 62 1
18 63 1
18 64 1
18 65 1
18 66 1
18 67 1
18 69 1
18 71 1
18 73 1
18 80 1
18 118 1
18 142 1
18 175 1
18 178 1
18 184 1
18 222 1
18 228 1
18 229 1
18 232 1
18 239 1
18 240 1
18 243 1
18 245 1
18 249 1
18 251 1
18 253 1
18 256 1
18 258 1
18 259 1
19 23 1
19 24 1
19 27 1
19 36 1
19 38 1
19 40 1
19 41 1
19 42 1
19 44 1
19 46 1
19 47 1
19 51 1
19 52 1
19 53 1
19 54 1
19 55 1
19 56 1
19 57 1
19 59 1
19 62 1
19 63 1
19 65 1
19 66 1
19 67 1
19 71 1
19 73 1
19 118 1
19 138 1
19 175 1
19 178 1
19 201 1
19 213 1
19 222 1
19 229 1
19 232 1
19 240 1
19 243 1
19 245 1
19 253 1
19 259 1
20 21 1
20 23 1
20 25 1
20 26 1
20 31 1
20 32 1
20 34 1
20 36 1
20 39 1
20 40 1
20 43 1
20 44 1
20 45 1
20 46 1
20 47 1
20 53 1
20 55 1
20 56 1
20 65 1
20 67 1
20 68 1
20 69 1
20 70 1
20 71 1
20 72 1
20 79 1
20 123 1
20 131 1
20 147 1
20 153 1
20 154 1
20 155 1
20 159 1
20 160 1
20 162 1
20 164 1
20 166 1
20 168 1
20 172 1
20 222 1
20 224 1
20 238 1
20 250 1
20 253 1
20 255 1
20 256 1
20 262 1
21 24 1
21 33 1
21 34 1
21 37 1
21 38 1
21 40 1
21 45 1
21 46 1
21 55 1
21 62 1
21 69 1
22 23 1
22 25 1
22 26 1
22 38 1
22 39 1
22 53 1
22 54 1
22 104 1
22 175 1
22 261 1
22 262 1
23 24 1
23 25 1
23 26 1
23 28 1
23 32 1
23 33 1
23 36 1
23 39 1
23 40 1
23 41 1
23 42 1
23 44 1
23 46 1
23 47 1
23 48 1
23 51 1
23 53 1
23 54 1
23 55 1
23 56 1
23 63 1
23 64 1
23 65 1
23 66 1
23 67 1
23 68 1
23 69 1
23 71 1
23 147 1
23 178 1
23 191 1
23 209 1
23 222 1
23 225 1
23 232 1
23 240 1
23 250 1
23 253 1
23 256 1
23 257 1
23 261 1
23 262 1
24 28 1
24 31 1
24 36 1
24 39 1
24 40 1
24 41 1
24 42 1
24 43 1
24 44 1
24 46 1
24 47 1
24 51 1
24 55 1
24 62 1
24 65 1
24 69 1
24 191 1
24 253 1
25 26 1
25 33 1
25 43 1
25 47 1
25 48 1
25 49 1
25 51 1
25 53 1
25 54 1
25 55 1
25 56 1
25 64 1
25 65 1
25 67 1
25 68 1
25 70 1
25 71 1
25 72 1
25 124 1
25 125 1
25 130 1
25 144 1
25 147 1
25 149 1
25 150 1
25 151 1
25 153 1
25 154 1
25 155 1
25 156 1
25 157 1
25 159 1
25 160 1
25 161 1
25 162 1
25 164 1
25 165 1
25 166 1
25 169 1
25 172 1
25 191 1
25 222 1
25 225 1
25 249 1
25 250 1
25 253 1
25 254 1
25 255 1
25 257 1
25 261 1
25 262 1
26 28 1
26 33 1
26 39 1
26 40 1
26 42 1
26 43 1
26 46 1
26 51 1
26 53 1
26 55 1
26 56 1
26 62 1
26 63 1
26 64 1
26 65 1
26 67 1
26 70 1
26 71 1
26 123 1
26 125 1
26 130 1
26 131 1
26 142 1
26 144 1
26 145 1
26 147 1
26 148 1
26 149 1
26 150 1
26 151 1
26 152 1
26 153 1
26 154 1
26 155 1
26 156 1
26 157 1
26 159 1
26 160 1
26 162 1
26 163 1
26 164 1
26 165 1
26 166 1
26 168 1
26 169 1
26 170 1
26 173 1
26 186 1
26 191 1
26 226 1
26 229 1
26 241 1
26 250 1
26 254 1
26 255 1
26 256 1
26 259 1
26 260 1
26 261 1
26 262 1
27 28 1
27 33 1
27 36 1
27 39 1
27 40 1
27 41 1
27 42 1
27 44 1
27 46 1
27 47 1
27 51 1
27 55 1
27 62 1
27 63 1
27 65 1
27 66 1
27 69 1
27 178 1
27 232 1
27 240 1
27 249 1
27 251 1
27 258 1
28 36 1
28 42 1
28 43 1
28 44 1
28 46 1
28 47 1
28 48 1
28 51 1
28 52 1
28 53 1
28 54 1
28 55 1
28 56 1
28 59 1
28 62 1
28 63 1
28 64 1
28 65 1
28 70 1
28 71 1
28 77 1
28 121 1
28 124 1
28 125 1
28 130 1
28 144 1
28 145 1
28 147 1
28 149 1
28 150 1
28 151 1
28 154 1
28 157 1
28 159 1
28 160 1
28 162 1
28 165 1
28 166 1
28 169 1
28 178 1
28 191 1
28 209 1
28 211 1
28 212 1
28 213 1
28 214 1
28 216 1
28 222 1
28 225 1
28 226 1
28 229 1
28 232 1
28 243 1
28 245 1
28 249 1
28 250 1
28 253 1
28 254 1
28 256 1
28 257 1
28 258 1
28 259 1
28 260 1
28 261 1
28 262 1
29 31 1
29 67 1
29 69 1
29 71 1
29 263 1
30 33 1
30 37 1
31 33 1
31 35 1
31 36 1
31 38 1
31 69 1
32 38 1
32 39 1
32 40 1
32 46 1
32 47 1
32 48 1
32 51 1
32 53 1
32 54 1
32 55 1
32 56 1
32 64 1
32 65 1
32 67 1
32 68 1
32 130 1
32 175 1
32 213 1
32 222 1
32 240 1
32 253 1
32 261 1
32 267 1
33 34 1
33 36 1
33 37 1
33 39 1
33 40 1
33 42 1
33 43 1
33 44 1
33 45 1
33 46 1
33 47 1
33 51 1
33 55 1
33 65 1
33 67 1
33 68 1
33 69 1
33 71 1
33 72 1
33 164 1
33 191 1
33 250 1
33 253 1
33 255 1
34 39 1
34 46 1
34 55 1
34 66 1
36 39 1
36 40 1
36 42 1
36 43 1
36 44 1
36 45 1
36 46 1
36 47 1
36 51 1
36 52 1
36 55 1
36 56 1
36 67 1
36 69 1
36 71 1
36 72 1
36 77 1
36 151 1
36 154 1
36 160 1
36 162 1
36 175 1
36 222 1
36 224 1
36 225 1
36 226 1
36 229 1
36 250 1
38 39 1
38 175 1
39 41 1
39 42 1
39 44 1
39 45 1
39 46 1
39 47 1
39 51 1
39 52 1
39 53 1
39 54 1
39 55 1
39 56 1
39 62 1
39 63 1
39 64 1
39 65 1
39 66 1
39 67 1
39 68 1
39 69 1
39 71 1
39 147 1
39 154 1
39 160 1
39 166 1
39 175 1
39 178 1
39 222 1
39 225 1
39 240 1
39 250 1
39 253 1
39 256 1
39 259 1
39 267 1
40 41 1
40 42 1
40 44 1
40 45 1
40 46 1
40 47 1
40 51 1
40 52 1
40 54 1
40 55 1
40 56 1
40 62 1
40 63 1
40 64 1
40 65 1
40 66 1
40 67 1
40 69 1
40 71 1
40 121 1
40 123 1
40 130 1
40 175 1
40 178 1
40 222 1
40 229 1
40 239 1
40 253 1
40 256 1
40 259 1
41 42 1
41 44 1
41 46 1
41 47 1
41 51 1
41 52 1
41 55 1
41 59 1
41 63 1
41 64 1
41 65 1
41 66 1
41 67 1
41 71 1
41 77 1
41 118 1
41 142 1
41 175 1
41 222 1
41 228 1
41 229 1
41 239 1
41 243 1
41 245 1
41 250 1
41 256 1
42 43 1
42 44 1
42 46 1
42 47 1
42 51 1
42 55 1
42 63 1
42 64 1
42 65 1
42 66 1
42 67 1
42 70 1
42 71 1
42 72 1
42 77 1
42 125 1
42 149 1
42 151 1
42 153 1
42 154 1
42 155 1
42 160 1
42 162 1
42 191 1
42 222 1
42 224 1
42 225 1
42 226 1
42 249 1
42 250 1
42 251 1
42 253 1
42 256 1
42 259 1
42 262 1
43 44 1
43 45 1
43 46 1
43 47 1
43 52 1
43 55 1
43 65 1
43 68 1
43 69 1
43 70 1
43 71 1
43 72 1
43 125 1
43 164 1
43 222 1
43 225 1
43 250 1
43 253 1
43 255 1
44 45 1
44 47 1
44 51 1
44 52 1
44 53 1
44 55 1
44 56 1
44 62 1
44 63 1
44 64 1
44 65 1
44 66 1
44 67 1
44 69 1
44 70 1
44 77 1
44 90 1
44 124 1
44 125 1
44 142 1
44 145 1
44 147 1
44 149 1
44 150 1
44 151 1
44 153 1
44 154 1
44 155 1
44 156 1
44 157 1
44 159 1
44 160 1
44 162 1
44 165 1
44 166 1
44 169 1
44 170 1
44 173 1
44 175 1
44 178 1
44 191 1
44 222 1
44 225 1
44 226 1
44 229 1
44 232 1
44 243 1
44 245 1
44 250 1
44 253 1
44 256 1
44 259 1
44 261 1
44 262 1
45 46 1
45 51 1
45 52 1
45 54 1
45 56 1
45 67 1
45 68 1
45 71 1
45 72 1
45 125 1
45 164 1
45 222 1
45 238 1
45 250 1
45 253 1
46 47 1
46 51 1
46 53 1
46 54 1
46 55 1
46 56 1
46 62 1
46 63 1
46 64 1
46 65 1
46 67 1
46 68 1
46 69 1
46 70 1
46 147 1
46 154 1
46 160 1
46 164 1
46 175 1
46 191 1
46 222 1
46 225 1
46 240 1
46 250 1
46 253 1
46 256 1
46 259 1
46 262 1
46 267 1
47 48 1
47 52 1
47 55 1
47 56 1
47 59 1
47 62 1
47 63 1
47 64 1
47 65 1
47 67 1
47 68 1
47 69 1
47 70 1
47 130 1
47 191 1
47 222 1
47 229 1
47 232 1
47 240 1
47 245 1
47 250 1
47 253 1
47 256 1
48 51 1
48 52 1
48 53 1
48 54 1
48 56 1
48 64 1
48 65 1
48 68 1
48 124 1
48 147 1
48 150 1
48 151 1
48 155 1
48 156 1
48 157 1
48 162 1
48 165 1
48 166 1
48 172 1
48 222 1
48 224 1
48 225 1
48 250 1
48 255 1
48 256 1
51 52 1
51 53 1
51 54 1
51 55 1
51 56 1
51 57 1
51 59 1
51 60 1
51 62 1
51 63 1
51 64 1
51 65 1
51 67 1
51 70 1
51 71 1
51 73 1
51 123 1
51 124 1
51 125 1
51 130 1
51 147 1
51 150 1
51 157 1
51 160 1
51 175 1
51 178 1
51 191 1
51 209 1
51 222 1
51 226 1
51 229 1
51 232 1
51 239 1
51 240 1
51 245 1
51 250 1
51 253 1
51 256 1
51 257 1
51 258 1
51 259 1
51 262 1
51 267 1
52 54 1
52 55 1
52 57 1
52 62 1
52 63 1
52 64 1
52 65 1
52 67 1
52 70 1
52 71 1
52 124 1
52 125 1
52 143 1
52 147 1
52 150 1
52 154 1
52 169 1
52 173 1
52 222 1
52 226 1
52 232 1
52 243 1
52 245 1
52 253 1
52 256 1
53 54 1
53 55 1
53 56 1
53 57 1
53 59 1
53 62 1
53 64 1
53 65 1
53 67 1
53 72 1
53 73 1
53 118 1
53 124 1
53 130 1
53 131 1
53 137 1
53 138 1
53 145 1
53 147 1
53 148 1
53 149 1
53 150 1
53 151 1
53 152 1
53 156 1
53 157 1
53 159 1
53 160 1
53 162 1
53 163 1
53 166 1
53 169 1
53 170 1
53 175 1
53 178 1
53 186 1
53 191 1
53 209 1
53 212 1
53 213 1
53 222 1
53 226 1
53 228 1
53 229 1
53 232 1
53 233 1
53 239 1
53 241 1
53 245 1
53 250 1
53 253 1
53 254 1
53 256 1
53 257 1
53 259 1
53 261 1
53 262 1
54 55 1
54 56 1
54 57 1
54 59 1
54 60 1
54 62 1
54 64 1
54 65 1
54 67 1
54 68 1
54 73 1
54 124 1
54 130 1
54 143 1
54 145 1
54 147 1
54 149 1
54 150 1
54 152 1
54 155 1
54 156 1
54 157 1
54 159 1
54 160 1
54 163 1
54 166 1
54 169 1
54 175 1
54 176 1
54 178 1
54 186 1
54 209 1
54 212 1
54 216 1
54 222 1
54 228 1
54 229 1
54 230 1
54 232 1
54 239 1
54 240 1
54 245 1
54 253 1
54 256 1
54 257 1
54 259 1
54 261 1
54 262 1
55 56 1
55 62 1
55 63 1
55 64 1
55 65 1
55 67 1
55 68 1
55 69 1
55 71 1
55 72 1
55 130 1
55 175 1
55 191 1
55 222 1
55 229 1
55 240 1
55 245 1
55 250 1
55 253 1
55 259 1
55 267 1
56 58 1
56 62 1
56 63 1
56 64 1
56 65 1
56 67 1
56 68 1
56 70 1
56 71 1
56 124 1
56 145 1
56 147 1
56 150 1
56 151 1
56 154 1
56 155 1
56 156 1
56 157 1
56 159 1
56 160 1
56 162 1
56 166 1
56 169 1
56 175 1
56 222 1
56 224 1
56 225 1
56 226 1
56 229 1
56 238 1
56 250 1
56 253 1
56 255 1
56 256 1
56 259 1
56 262 1
57 60 1
57 62 1
57 229 1
57 231 1
57 245 1
58 104 1
58 207 1
58 211 1
58 213 1
58 214 1
58 216 1
59 63 1
59 66 1
59 73 1
59 80 1
59 113 1
59 124 1
59 128 1
59 138 1
59 184 1
59 203 1
59 212 1
59 221 1
59 227 1
59 228 1
59 229 1
59 231 1
59 232 1
59 233 1
59 234 1
59 239 1
59 245 1
59 247 1
59 248 1
59 257 1
60 67 1
60 143 1
60 166 1
60 229 1
60 246 1
60 259 1
61 73 1
61 139 1
61 142 1
61 157 1
61 227 1
62 63 1
62 64 1
62 65 1
62 67 1
62 70 1
62 71 1
62 73 1
62 116 1
62 147 1
62 175 1
62 178 1
62 186 1
62 193 1
62 229 1
62 232 1
62 243 1
62 245 1
62 253 1
62 256 1
62 258 1
62 259 1
63 64 1
63 65 1
63 66 1
63 67 1
63 70 1
63 142 1
63 150 1
63 154 1
63 157 1
63 191 1
63 222 1
63 226 1
63 229 1
63 240 1
63 243 1
63 245 1
63 250 1
63 256 1
64 65 1
64 67 1
64 70 1
64 71 1
64 124 1
64 147 1
64 149 1
64 150 1
64 154 1
64 155 1
64 156 1
64 159 1
64 160 1
64 162 1
64 166 1
64 175 1
64 191 1
64 209 1
64 213 1
64 216 1
64 222 1
64 250 1
64 253 1
64 256 1
64 257 1
64 259 1
64 262 1
64 267 1
65 67 1
65 71 1
65 72 1
65 81 1
65 82 1
65 123 1
65 150 1
65 154 1
65 157 1
65 160 1
65 162 1
65 166 1
65 191 1
65 222 1
65 226 1
65 229 1
65 238 1
65 240 1
65 245 1
65 250 1
65 253 1
65 255 1
65 256 1
65 263 1
66 73 1
66 81 1
66 83 1
66 96 1
66 116 1
66 117 1
66 121 1
66 128 1
66 142 1
66 184 1
66 193 1
66 229 1
66 239 1
66 245 1
66 259 1
67 68 1
67 69 1
67 70 1
67 71 1
67 123 1
67 144 1
67 145 1
67 147 1
67 149 1
67 150 1
67 151 1
67 153 1
67 154 1
67 155 1
67 156 1
67 159 1
67 160 1
67 162 1
67 165 1
67 166 1
67 168 1
67 169 1
67 172 1
67 173 1
67 175 1
67 178 1
67 222 1
67 224 1
67 225 1
67 226 1
67 229 1
67 250 1
67 253 1
67 255 1
67 256 1
67 259 1
67 262 1
68 155 1
68 162 1
68 164 1
68 168 1
68 172 1
68 222 1
68 224 1
68 225 1
68 250 1
68 252 1
68 253 1
68 255 1
69 71 1
69 191 1
69 222 1
69 224 1
69 225 1
69 253 1
69 255 1
70 71 1
70 72 1
70 117 1
70 123 1
70 125 1
70 137 1
70 143 1
70 144 1
70 148 1
70 150 1
70 152 1
70 154 1
70 159 1
70 160 1
70 162 1
70 164 1
70 165 1
70 166 1
70 168 1
70 169 1
70 173 1
70 222 1
70 226 1
70 238 1
70 245 1
70 250 1
70 253 1
70 255 1
70 256 1
70 259 1
70 263 1
71 72 1
71 123 1
71 125 1
71 131 1
71 145 1
71 147 1
71 148 1
71 149 1
71 150 1
71 151 1
71 152 1
71 153 1
71 154 1
71 155 1
71 156 1
71 157 1
71 158 1
71 159 1
71 160 1
71 162 1
71 164 1
71 165 1
71 166 1
71 168 1
71 169 1
71 172 1
71 173 1
71 186 1
71 191 1
71 222 1
71 224 1
71 225 1
71 226 1
71 238 1
71 250 1
71 253 1
71 255 1
71 256 1
71 259 1
71 262 1
72 123 1
72 124 1
72 125 1
72 131 1
72 137 1
72 145 1
72 147 1
72 150 1
72 151 1
72 153 1
72 154 1
72 155 1
72 156 1
72 159 1
72 160 1
72 162 1
72 164 1
72 165 1
72 166 1
72 169 1
72 172 1
72 173 1
72 222 1
72 224 1
72 225 1
72 226 1
72 229 1
72 238 1
72 242 1
72 250 1
72 253 1
72 255 1
72 256 1
72 261 1
72 262 1
73 87 1
73 100 1
73 116 1
73 121 1
73 133 1
73 141 1
73 142 1
73 143 1
73 145 1
73 146 1
73 147 1
73 149 1
73 150 1
73 157 1
73 163 1
73 169 1
73 170 1
73 178 1
73 179 1
73 186 1
73 191 1
73 193 1
73 196 1
73 226 1
73 228 1
73 229 1
73 232 1
73 233 1
73 234 1
73 243 1
73 245 1
73 258 1
73 259 1
74 80 1
74 151 1
74 153 1
74 155 1
74 165 1
74 173 1
74 203 1
74 249 1
74 261 1
75 76 1
75 83 1
75 88 1
75 89 1
75 90 1
75 92 1
75 95 1
75 96 1
75 99 1
75 105 1
75 107 1
75 109 1
75 110 1
75 115 1
75 116 1
75 117 1
75 121 1
75 132 1
75 146 1
75 152 1
75 163 1
75 167 1
75 170 1
75 181 1
75 193 1
76 86 1
76 89 1
76 92 1
76 107 1
76 116 1
76 117 1
76 121 1
76 132 1
76 137 1
76 139 1
76 143 1
76 146 1
76 167 1
76 181 1
76 193 1
76 227 1
76 230 1
76 241 1
76 245 1
76 247 1
76 269 1
77 90 1
77 125 1
77 138 1
77 140 1
77 142 1
77 145 1
77 150 1
77 151 1
77 152 1
77 154 1
77 155 1
77 156 1
77 158 1
77 159 1
77 162 1
77 165 1
77 169 1
77 170 1
77 173 1
77 223 1
77 225 1
77 228 1
77 229 1
77 261 1
78 98 1
78 105 1
78 106 1
78 112 1
78 115 1
78 127 1
79 82 1
79 117 1
79 118 1
79 123 1
79 239 1
80 88 1
80 90 1
80 93 1
80 94 1
80 95 1
80 113 1
80 115 1
80 122 1
80 130 1
80 134 1
80 135 1
80 136 1
80 138 1
80 146 1
80 167 1
80 178 1
80 192 1
80 203 1
80 212 1
80 215 1
80 217 1
80 221 1
80 228 1
80 229 1
80 233 1
80 249 1
80 261 1
81 82 1
81 83 1
81 117 1
81 118 1
81 123 1
81 128 1
81 137 1
81 143 1
81 184 1
81 239 1
81 241 1
81 245 1
82 118 1
82 123 1
82 129 1
82 131 1
82 238 1
82 239 1
83 88 1
83 89 1
83 90 1
83 92 1
83 95 1
83 96 1
83 100 1
83 107 1
83 109 1
83 110 1
83 116 1
83 127 1
83 128 1
83 132 1
83 134 1
83 135 1
83 139 1
83 142 1
83 146 1
83 167 1
83 193 1
84 94 1
84 133 1
84 177 1
84 179 1
84 182 1
84 184 1
84 185 1
84 190 1
84 192 1
84 196 1
84 204 1
84 220 1
84 258 1
86 88 1
86 90 1
86 91 1
86 92 1
86 95 1
86 99 1
86 107 1
86 109 1
86 110 1
86 116 1
86 117 1
86 120 1
86 133 1
86 185 1
86 193 1
86 194 1
86 243 1
86 245 1
87 88 1
87 90 1
87 92 1
87 94 1
87 95 1
87 99 1
87 100 1
87 116 1
87 120 1
87 133 1
87 134 1
87 178 1
87 179 1
87 185 1
87 192 1
87 193 1
87 194 1
87 196 1
87 202 1
87 223 1
87 243 1
88 93 1
88 94 1
88 95 1
88 96 1
88 99 1
88 100 1
88 107 1
88 109 1
88 110 1
88 115 1
88 116 1
88 117 1
88 118 1
88 121 1
88 122 1
88 127 1
88 132 1
88 133 1
88 134 1
88 135 1
88 140 1
88 141 1
88 142 1
88 145 1
88 146 1
88 167 1
88 170 1
88 192 1
88 193 1
88 202 1
88 223 1
88 243 1
89 90 1
89 96 1
89 99 1
89 100 1
89 107 1
89 109 1
89 110 1
89 115 1
89 116 1
89 117 1
89 118 1
89 121 1
89 128 1
89 167 1
89 193 1
89 239 1
89 247 1
90 92 1
90 93 1
90 94 1
90 95 1
90 99 1
90 107 1
90 109 1
90 110 1
90 115 1
90 116 1
90 117 1
90 121 1
90 132 1
90 133 1
90 134 1
90 135 1
90 142 1
90 145 1
90 146 1
90 163 1
90 167 1
90 170 1
90 179 1
90 193 1
90 194 1
90 223 1
90 228 1
90 229 1
90 233 1
90 243 1
91 92 1
91 93 1
91 94 1
91 107 1
91 109 1
91 113 1
91 115 1
91 116 1
91 122 1
91 132 1
91 133 1
91 135 1
91 146 1
91 179 1
91 185 1
91 188 1
91 212 1
91 223 1
91 228 1
91 243 1
91 245 1
91 247 1
91 268 1
92 94 1
92 96 1
92 99 1
92 100 1
92 107 1
92 108 1
92 109 1
92 110 1
92 112 1
92 115 1
92 116 1
92 117 1
92 118 1
92 119 1
92 121 1
92 128 1
92 132 1
92 134 1
92 135 1
92 139 1
92 141 1
92 146 1
92 167 1
92 192 1
92 193 1
92 196 1
92 202 1
92 223 1
92 233 1
92 239 1
92 247 1
93 94 1
93 108 1
93 111 1
93 113 1
93 115 1
93 122 1
93 133 1
93 134 1
93 136 1
93 192 1
93 196 1
93 210 1
93 212 1
93 221 1
93 228 1
93 233 1
93 268 1
94 95 1
94 100 1
94 107 1
94 108 1
94 113 1
94 115 1
94 122 1
94 134 1
94 135 1
94 177 1
94 179 1
94 182 1
94 184 1
94 185 1
94 190 1
94 192 1
94 193 1
94 196 1
94 202 1
94 210 1
94 212 1
94 220 1
94 221 1
94 247 1
94 258 1
95 99 1
95 107 1
95 108 1
95 109 1
95 110 1
95 115 1
95 116 1
95 119 1
95 133 1
95 134 1
95 135 1
95 146 1
95 152 1
95 167 1
95 170 1
95 192 1
95 193 1
95 223 1
95 228 1
95 229 1
95 233 1
95 234 1
95 243 1
96 105 1
96 112 1
96 118 1
96 121 1
96 123 1
96 128 1
96 129 1
96 134 1
96 135 1
96 141 1
96 167 1
96 193 1
96 202 1
96 233 1
96 239 1
96 241 1
97 102 1
97 104 1
97 112 1
97 122 1
97 136 1
97 189 1
97 216 1
97 219 1
97 249 1
97 261 1
98 103 1
98 105 1
98 106 1
98 127 1
99 100 1
99 103 1
99 106 1
99 107 1
99 109 1
99 110 1
99 116 1
99 117 1
99 121 1
99 127 1
99 134 1
99 193 1
99 197 1
99 243 1
100 107 1
100 118 1
100 120 1
100 134 1
100 135 1
100 177 1
100 192 1
100 193 1
100 195 1
100 196 1
100 197 1
100 202 1
101 104 1
101 189 1
101 216 1
101 218 1
102 104 1
102 114 1
103 105 1
103 106 1
103 114 1
103 127 1
104 138 1
104 189 1
104 203 1
104 213 1
104 215 1
104 216 1
104 217 1
104 219 1
104 261 1
105 110 1
105 114 1
105 241 1
106 114 1
106 121 1
107 115 1
107 116 1
107 132 1
107 133 1
107 135 1
107 180 1
107 185 1
107 193 1
107 197 1
107 198 1
107 247 1
107 269 1
108 111 1
108 115 1
108 122 1
108 135 1
108 180 1
108 210 1
109 115 1
109 116 1
109 117 1
109 132 1
109 137 1
109 139 1
109 142 1
109 146 1
109 163 1
109 167 1
109 181 1
109 193 1
109 223 1
109 243 1
109 245 1
109 247 1
110 115 1
110 116 1
110 117 1
110 132 1
110 137 1
110 139 1
110 142 1
110 146 1
110 167 1
110 193 1
111 122 1
111 217 1
111 221 1
112 118 1
112 127 1
112 128 1
112 134 1
112 135 1
112 139 1
112 184 1
112 212 1
112 217 1
112 228 1
113 133 1
113 135 1
113 217 1
113 221 1
115 122 1
115 133 1
115 134 1
115 135 1
115 167 1
115 202 1
115 217 1
115 223 1
116 117 1
116 119 1
116 133 1
116 135 1
116 139 1
116 143 1
116 146 1
116 167 1
116 193 1
116 223 1
116 227 1
116 234 1
116 243 1
116 245 1
116 247 1
117 123 1
117 132 1
117 137 1
117 142 1
117 143 1
117 145 1
117 146 1
117 150 1
117 152 1
117 193 1
117 226 1
117 245 1
118 121 1
118 123 1
118 127 1
118 128 1
118 129 1
118 134 1
118 139 1
118 141 1
118 142 1
118 184 1
118 193 1
118 228 1
118 229 1
118 239 1
118 248 1
119 133 1
119 193 1
120 177 1
120 185 1
120 188 1
120 197 1
120 198 1
120 200 1
120 202 1
121 130 1
121 134 1
121 135 1
121 141 1
121 193 1
121 196 1
121 229 1
121 233 1
121 239 1
121 241 1
121 244 1
121 245 1
121 259 1
122 134 1
122 135 1
122 183 1
122 202 1
122 210 1
122 212 1
122 221 1
123 129 1
123 130 1
123 131 1
123 137 1
123 166 1
123 186 1
123 222 1
123 226 1
123 238 1
123 239 1
123 241 1
123 253 1
123 256 1
123 259 1
124 125 1
124 137 1
124 138 1
124 140 1
124 142 1
124 143 1
124 144 1
124 145 1
124 147 1
124 148 1
124 149 1
124 150 1
124 151 1
124 152 1
124 153 1
124 154 1
124 155 1
124 156 1
124 157 1
124 158 1
124 159 1
124 162 1
124 163 1
124 165 1
124 166 1
124 169 1
124 170 1
124 173 1
124 213 1
124 214 1
124 226 1
124 229 1
124 254 1
124 256 1
124 262 1
125 137 1
125 140 1
125 141 1
125 142 1
125 144 1
125 145 1
125 147 1
125 148 1
125 149 1
125 150 1
125 151 1
125 152 1
125 153 1
125 154 1
125 155 1
125 156 1
125 157 1
125 158 1
125 159 1
125 160 1
125 161 1
125 162 1
125 163 1
125 165 1
125 166 1
125 169 1
125 170 1
125 172 1
125 173 1
125 191 1
125 226 1
125 229 1
125 241 1
125 250 1
125 254 1
125 256 1
125 260 1
126 149 1
126 150 1
126 157 1
126 165 1
126 169 1
127 134 1
127 141 1
127 142 1
128 129 1
128 130 1
128 134 1
128 239 1
128 241 1
128 248 1
129 130 1
129 134 1
129 239 1
129 241 1
130 203 1
130 229 1
130 232 1
130 239 1
130 240 1
130 241 1
130 249 1
130 253 1
130 261 1
131 137 1
131 145 1
131 147 1
131 148 1
131 150 1
131 151 1
131 152 1
131 156 1
131 158 1
131 159 1
131 160 1
131 162 1
131 165 1
131 166 1
131 169 1
131 238 1
131 242 1
131 250 1
131 253 1
131 256 1
131 262 1
132 139 1
132 146 1
132 152 1
132 163 1
132 167 1
132 193 1
132 223 1
132 228 1
132 230 1
132 233 1
132 234 1
132 247 1
133 134 1
133 135 1
133 136 1
133 167 1
133 179 1
133 182 1
133 185 1
133 192 1
133 193 1
133 196 1
133 212 1
133 215 1
133 228 1
133 233 1
133 243 1
133 247 1
133 268 1
133 269 1
134 136 1
134 141 1
134 192 1
134 193 1
134 196 1
134 202 1
134 223 1
134 228 1
134 233 1
134 239 1
135 136 1
135 139 1
135 167 1
135 192 1
135 193 1
135 196 1
135 202 1
135 215 1
135 228 1
135 233 1
135 247 1
136 184 1
136 190 1
136 192 1
136 196 1
136 204 1
136 210 1
136 212 1
136 220 1
136 221 1
136 233 1
137 140 1
137 141 1
137 142 1
137 143 1
137 144 1
137 145 1
137 146 1
137 148 1
137 149 1
137 150 1
137 152 1
137 157 1
137 160 1
137 163 1
137 165 1
137 166 1
137 167 1
137 169 1
137 170 1
137 173 1
137 226 1
137 229 1
137 241 1
137 245 1
137 256 1
137 259 1
138 142 1
138 145 1
138 146 1
138 163 1
138 167 1
138 170 1
138 213 1
138 214 1
138 217 1
138 228 1
138 229 1
138 261 1
139 141 1
139 167 1
139 184 1
139 193 1
139 215 1
139 228 1
139 233 1
139 234 1
139 239 1
139 247 1
139 248 1
140 142 1
140 143 1
140 144 1
140 145 1
140 146 1
140 147 1
140 148 1
140 149 1
140 150 1
140 151 1
140 152 1
140 153 1
140 154 1
140 156 1
140 157 1
140 159 1
140 160 1
140 162 1
140 163 1
140 165 1
140 166 1
140 167 1
140 169 1
140 171 1
140 173 1
140 241 1
140 256 1
141 142 1
141 143 1
141 144 1
141 145 1
141 146 1
141 148 1
141 150 1
141 151 1
141 152 1
141 157 1
141 163 1
141 167 1
141 169 1
141 170 1
141 193 1
141 223 1
141 229 1
141 239 1
141 241 1
141 243 1
141 245 1
141 256 1
142 143 1
142 144 1
142 145 1
142 146 1
142 147 1
142 148 1
142 149 1
142 150 1
142 151 1
142 152 1
142 153 1
142 154 1
142 157 1
142 158 1
142 160 1
142 162 1
142 163 1
142 165 1
142 167 1
142 169 1
142 170 1
142 173 1
142 193 1
142 223 1
142 229 1
142 239 1
142 243 1
142 245 1
142 256 1
143 144 1
143 145 1
143 146 1
143 147 1
143 148 1
143 149 1
143 151 1
143 152 1
143 154 1
143 156 1
143 157 1
143 158 1
143 159 1
143 160 1
143 162 1
143 163 1
143 165 1
143 166 1
143 167 1
143 169 1
143 170 1
143 173 1
143 226 1
143 229 1
143 241 1
143 256 1
143 259 1
144 145 1
144 147 1
144 148 1
144 149 1
144 150 1
144 151 1
144 152 1
144 153 1
144 154 1
144 155 1
144 156 1
144 158 1
144 159 1
144 160 1
144 161 1
144 162 1
144 163 1
144 165 1
144 166 1
144 168 1
144 170 1
144 171 1
144 172 1
144 226 1
144 254 1
144 256 1
144 259 1
144 260 1
144 262 1
145 147 1
145 149 1
145 150 1
145 151 1
145 152 1
145 153 1
145 154 1
145 155 1
145 156 1
145 157 1
145 158 1
145 159 1
145 160 1
145 162 1
145 165 1
145 166 1
145 169 1
145 173 1
145 186 1
145 222 1
145 225 1
145 226 1
145 228 1
145 229 1
145 233 1
145 241 1
145 254 1
145 256 1
145 259 1
145 262 1
146 147 1
146 148 1
146 149 1
146 150 1
146 157 1
146 158 1
146 159 1
146 163 1
146 165 1
146 169 1
146 173 1
146 193 1
146 223 1
146 228 1
146 229 1
146 233 1
146 234 1
146 243 1
146 256 1
146 259 1
147 148 1
147 150 1
147 151 1
147 152 1
147 153 1
147 154 1
147 155 1
147 156 1
147 157 1
147 158 1
147 159 1
147 160 1
147 162 1
147 163 1
147 164 1
147 165 1
147 168 1
147 169 1
147 170 1
147 172 1
147 173 1
147 186 1
147 191 1
147 222 1
147 225 1
147 226 1
147 229 1
147 250 1
147 253 1
147 254 1
147 256 1
147 257 1
147 259 1
147 260 1
147 262 1
148 149 1
148 151 1
148 152 1
148 154 1
148 156 1
148 157 1
148 158 1
148 159 1
148 160 1
148 162 1
148 163 1
148 165 1
148 166 1
148 167 1
148 169 1
148 170 1
148 173 1
148 226 1
148 254 1
148 256 1
149 150 1
149 151 1
149 152 1
149 153 1
149 154 1
149 156 1
149 157 1
149 158 1
149 159 1
149 160 1
149 161 1
149 162 1
149 163 1
149 165 1
149 166 1
149 167 1
149 168 1
149 169 1
149 170 1
149 173 1
149 222 1
149 225 1
149 226 1
149 228 1
149 229 1
149 250 1
149 254 1
149 256 1
149 257 1
149 259 1
149 260 1
149 262 1
150 151 1
150 152 1
150 153 1
150 154 1
150 155 1
150 156 1
150 157 1
150 158 1
150 159 1
150 160 1
150 162 1
150 163 1
150 165 1
150 166 1
150 167 1
150 168 1
150 169 1
150 170 1
150 173 1
150 222 1
150 225 1
150 226 1
150 229 1
150 234 1
150 241 1
150 250 1
150 254 1
150 256 1
150 257 1
150 259 1
150 262 1
151 153 1
151 154 1
151 155 1
151 156 1
151 157 1
151 158 1
151 159 1
151 160 1
151 162 1
151 163 1
151 165 1
151 166 1
151 168 1
151 169 1
151 170 1
151 171 1
151 173 1
151 222 1
151 224 1
151 225 1
151 226 1
151 250 1
151 254 1
151 256 1
151 259 1
151 262 1
152 154 1
152 155 1
152 156 1
152 157 1
152 158 1
152 159 1
152 162 1
152 163 1
152 165 1
152 166 1
152 167 1
152 169 1
152 170 1
152 173 1
152 186 1
152 226 1
152 228 1
152 229 1
152 233 1
152 241 1
152 254 1
152 256 1
152 259 1
152 262 1
153 154 1
153 155 1
153 156 1
153 157 1
153 158 1
153 159 1
153 160 1
153 162 1
153 166 1
153 168 1
153 169 1
153 171 1
153 172 1
153 224 1
153 225 1
153 250 1
153 255 1
153 256 1
153 260 1
153 261 1
154 155 1
154 156 1
154 157 1
154 158 1
154 159 1
154 160 1
154 161 1
154 162 1
154 163 1
154 165 1
154 166 1
154 169 1
154 170 1
154 171 1
154 173 1
154 222 1
154 224 1
154 225 1
154 226 1
154 250 1
154 253 1
154 255 1
154 256 1
154 259 1
154 262 1
155 156 1
155 157 1
155 158 1
155 159 1
155 160 1
155 161 1
155 162 1
155 164 1
155 165 1
155 168 1
155 169 1
155 170 1
155 171 1
155 172 1
155 173 1
155 224 1
155 225 1
155 250 1
155 255 1
155 256 1
155 257 1
155 259 1
155 260 1
155 261 1
155 262 1
156 157 1
156 158 1
156 160 1
156 163 1
156 165 1
156 166 1
156 168 1
156 169 1
156 170 1
156 172 1
156 173 1
156 186 1
156 222 1
156 224 1
156 225 1
156 226 1
156 238 1
156 241 1
156 250 1
156 253 1
156 254 1
156 255 1
156 256 1
156 259 1
156 261 1
156 262 1
157 158 1
157 160 1
157 163 1
157 165 1
157 166 1
157 167 1
157 170 1
157 173 1
157 191 1
157 226 1
157 229 1
157 245 1
157 250 1
157 254 1
157 256 1
157 257 1
157 259 1
157 262 1
158 159 1
158 160 1
158 162 1
158 163 1
158 166 1
158 168 1
158 169 1
158 171 1
158 172 1
158 226 1
158 254 1
158 256 1
158 260 1
159 160 1
159 164 1
159 165 1
159 166 1
159 168 1
159 169 1
159 170 1
159 172 1
159 173 1
159 186 1
159 222 1
159 225 1
159 226 1
159 238 1
159 241 1
159 250 1
159 253 1
159 254 1
159 255 1
159 256 1
159 259 1
159 262 1
160 162 1
160 163 1
160 164 1
160 165 1
160 166 1
160 168 1
160 169 1
160 170 1
160 172 1
160 173 1
160 222 1
160 225 1
160 226 1
160 229 1
160 238 1
160 241 1
160 250 1
160 253 1
160 254 1
160 255 1
160 256 1
160 259 1
160 260 1
160 261 1
160 262 1
160 263 1
161 162 1
161 164 1
161 165 1
161 168 1
161 169 1
161 171 1
161 172 1
161 250 1
161 254 1
161 256 1
161 260 1
162 163 1
162 164 1
162 165 1
162 166 1
162 168 1
162 170 1
162 171 1
162 172 1
162 173 1
162 191 1
162 222 1
162 224 1
162 225 1
162 226 1
162 229 1
162 238 1
162 250 1
162 253 1
162 254 1
162 255 1
162 256 1
162 259 1
162 260 1
162 261 1
162 262 1
163 165 1
163 166 1
163 169 1
163 170 1
163 173 1
163 226 1
163 228 1
163 229 1
163 233 1
163 234 1
163 241 1
163 254 1
163 256 1
163 259 1
163 262 1
164 166 1
164 222 1
164 238 1
164 252 1
164 253 1
164 255 1
164 256 1
165 166 1
165 168 1
165 169 1
165 170 1
165 171 1
165 172 1
165 225 1
165 226 1
165 229 1
165 250 1
165 254 1
165 256 1
165 262 1
166 168 1
166 169 1
166 170 1
166 172 1
166 173 1
166 191 1
166 222 1
166 225 1
166 226 1
166 238 1
166 241 1
166 250 1
166 253 1
166 254 1
166 255 1
166 256 1
166 259 1
166 262 1
167 169 1
167 193 1
167 223 1
167 228 1
167 233 1
167 234 1
167 241 1
167 259 1
168 169 1
168 173 1
168 224 1
168 225 1
168 250 1
168 255 1
168 256 1
168 260 1
169 170 1
169 171 1
169 172 1
169 222 1
169 225 1
169 226 1
169 229 1
169 245 1
169 250 1
169 254 1
169 256 1
169 259 1
169 262 1
170 173 1
170 186 1
170 193 1
170 226 1
170 228 1
170 229 1
170 233 1
170 234 1
170 254 1
170 256 1
170 259 1
170 262 1
171 172 1
171 173 1
171 260 1
172 173 1
172 224 1
172 225 1
172 238 1
172 250 1
172 252 1
172 255 1
172 260 1
173 225 1
173 226 1
173 256 1
173 260 1
175 176 1
175 201 1
175 202 1
175 222 1
175 229 1
175 232 1
175 240 1
175 253 1
175 259 1
175 262 1
176 186 1
176 208 1
176 209 1
176 232 1
176 257 1
177 179 1
177 182 1
177 190 1
177 192 1
177 196 1
177 202 1
178 179 1
178 186 1
178 187 1
178 191 1
178 196 1
178 212 1
178 228 1
178 229 1
178 232 1
178 243 1
178 245 1
178 257 1
178 258 1
178 262 1
179 182 1
179 185 1
179 187 1
179 188 1
179 192 1
179 196 1
179 199 1
179 202 1
179 208 1
179 247 1
179 258 1
180 182 1
180 188 1
180 198 1
180 200 1
180 202 1
180 208 1
180 210 1
182 185 1
182 188 1
182 196 1
182 198 1
182 202 1
182 208 1
182 220 1
183 188 1
183 189 1
183 202 1
183 208 1
183 210 1
183 212 1
183 217 1
184 212 1
184 215 1
184 227 1
184 228 1
184 239 1
184 243 1
184 247 1
184 248 1
184 258 1
185 193 1
185 196 1
185 243 1
185 258 1
186 187 1
186 191 1
186 226 1
186 229 1
186 232 1
186 253 1
186 256 1
186 258 1
186 259 1
186 262 1
187 208 1
187 209 1
188 189 1
188 202 1
188 208 1
188 210 1
188 258 1
189 210 1
190 195 1
190 196 1
190 208 1
190 210 1
190 212 1
190 220 1
190 221 1
190 232 1
190 257 1
190 258 1
191 250 1
191 253 1
191 254 1
191 255 1
191 256 1
191 260 1
191 262 1
192 193 1
192 195 1
192 196 1
192 221 1
193 202 1
193 223 1
193 229 1
193 234 1
193 245 1
196 202 1
196 212 1
196 220 1
196 221 1
196 228 1
196 258 1
197 200 1
200 202 1
200 218 1
201 202 1
201 208 1
202 210 1
202 212 1
202 217 1
202 223 1
202 228 1
203 212 1
203 213 1
203 214 1
203 216 1
203 219 1
203 221 1
203 228 1
203 229 1
203 233 1
203 249 1
203 257 1
203 261 1
204 210 1
204 212 1
204 219 1
204 220 1
204 221 1
206 252 1
207 213 1
207 216 1
208 209 1
208 210 1
208 212 1
208 220 1
208 258 1
209 212 1
209 213 1
209 216 1
209 228 1
209 246 1
209 257 1
209 259 1
209 262 1
210 212 1
210 220 1
210 221 1
210 233 1
212 213 1
212 216 1
212 217 1
212 220 1
212 221 1
212 228 1
212 229 1
212 232 1
212 233 1
212 234 1
212 257 1
212 258 1
213 214 1
213 215 1
213 221 1
213 227 1
213 228 1
213 229 1
213 233 1
213 257 1
213 261 1
214 216 1
214 219 1
214 225 1
214 249 1
214 261 1
215 221 1
215 228 1
215 233 1
215 239 1
215 243 1
216 219 1
216 221 1
216 249 1
216 257 1
216 261 1
217 228 1
219 249 1
219 261 1
220 257 1
221 228 1
221 233 1
222 229 1
222 238 1
222 240 1
222 250 1
222 253 1
222 255 1
222 256 1
222 259 1
223 226 1
223 228 1
223 229 1
223 233 1
223 243 1
223 245 1
224 225 1
224 250 1
224 252 1
224 253 1
225 226 1
225 250 1
225 253 1
225 255 1
225 256 1
225 261 1
226 229 1
226 234 1
226 253 1
226 256 1
226 259 1
227 230 1
227 234 1
227 245 1
227 247 1
228 229 1
228 230 1
228 233 1
228 234 1
228 239 1
228 243 1
228 257 1
228 259 1
228 261 1
228 262 1
229 232 1
229 233 1
229 234 1
229 239 1
229 241 1
229 243 1
229 245 1
229 254 1
229 256 1
229 259 1
229 261 1
229 262 1
230 234 1
230 239 1
230 247 1
230 259 1
231 232 1
231 234 1
231 244 1
232 243 1
232 245 1
232 257 1
232 258 1
233 239 1
233 247 1
233 257 1
234 245 1
234 247 1
234 257 1
238 242 1
238 252 1
238 253 1
238 255 1
239 241 1
239 245 1
239 257 1
240 267 1
241 254 1
241 256 1
242 259 1
242 267 1
243 245 1
243 258 1
244 245 1
245 248 1
245 256 1
245 258 1
245 259 1
247 269 1
248 268 1
249 257 1
249 261 1
250 253 1
250 255 1
250 256 1
250 261 1
250 262 1
252 255 1
253 255 1
253 256 1
253 259 1
253 262 1
254 260 1
255 256 1
256 259 1
256 260 1
256 262 1
257 258 1
257 259 1
257 261 1
257 262 1
259 262 1
261 262 1
263 264 1
266 267 1
268 269 1
2 1 1
7 1 1
18 1 1
61 1 1
137 1 1
138 1 1
140 1 1
141 1 1
143 1 1
145 1 1
146 1 1
148 1 1
149 1 1
150 1 1
151 1 1
152 1 1
157 1 1
163 1 1
165 1 1
167 1 1
169 1 1
170 1 1
256 1 1
74 2 1
124 2 1
125 2 1
126 2 1
140 2 1
142 2 1
143 2 1
144 2 1
149 2 1
151 2 1
153 2 1
154 2 1
157 2 1
169 2 1
256 2 1
6 3 1
9 3 1
11 3 1
84 3 1
91 3 1
94 3 1
107 3 1
113 3 1
133 3 1
135 3 1
139 3 1
179 3 1
182 3 1
188 3 1
190 3 1
196 3 1
198 3 1
208 3 1
210 3 1
212 3 1
220 3 1
221 3 1
247 3 1
268 3 1
269 3 1
83 5 1
86 5 1
87 5 1
88 5 1
92 5 1
95 5 1
96 5 1
107 5 1
116 5 1
119 5 1
120 5 1
135 5 1
193 5 1
202 5 1
7 6 1
61 6 1
62 6 1
66 6 1
73 6 1
81 6 1
83 6 1
86 6 1
88 6 1
89 6 1
90 6 1
91 6 1
92 6 1
94 6 1
107 6 1
109 6 1
110 6 1
116 6 1
117 6 1
118 6 1
132 6 1
133 6 1
134 6 1
135 6 1
139 6 1
146 6 1
193 6 1
227 6 1
243 6 1
245 6 1
247 6 1
248 6 1
8 7 1
18 7 1
62 7 1
63 7 1
65 7 1
66 7 1
73 7 1
81 7 1
83 7 1
92 7 1
109 7 1
116 7 1
117 7 1
118 7 1
123 7 1
128 7 1
132 7 1
137 7 1
139 7 1
141 7 1
142 7 1
143 7 1
148 7 1
157 7 1
184 7 1
193 7 1
239 7 1
243 7 1
245 7 1
248 7 1
256 7 1
61 8 1
76 8 1
86 8 1
91 8 1
107 8 1
109 8 1
110 8 1
116 8 1
132 8 1
133 8 1
139 8 1
146 8 1
167 8 1
181 8 1
227 8 1
230 8 1
245 8 1
247 8 1
269 8 1
84 9 1
92 9 1
93 9 1
94 9 1
95 9 1
108 9 1
133 9 1
135 9 1
192 9 1
193 9 1
196 9 1
20 10 1
42 10 1
43 10 1
67 10 1
71 10 1
153 10 1
154 10 1
160 10 1
164 10 1
168 10 1
172 10 1
224 10 1
238 10 1
255 10 1
84 11 1
94 11 1
179 11 1
182 11 1
184 11 1
185 11 1
188 11 1
196 11 1
204 11 1
208 11 1
212 11 1
220 11 1
258 11 1
75 12 1
76 12 1
90 12 1
91 12 1
95 12 1
107 12 1
108 12 1
109 12 1
110 12 1
116 12 1
132 12 1
193 12 1
228 12 1
25 13 1
32 13 1
48 13 1
51 13 1
53 13 1
54 13 1
56 13 1
64 13 1
68 13 1
74 13 1
97 13 1
101 13 1
104 13 1
147 13 1
151 13 1
155 13 1
156 13 1
162 13 1
166 13 1
203 13 1
213 13 1
214 13 1
216 13 1
257 13 1
262 13 1
16 14 1
18 14 1
19 14 1
21 14 1
24 14 1
26 14 1
27 14 1
28 14 1
39 14 1
40 14 1
41 14 1
44 14 1
45 14 1
47 14 1
52 14 1
53 14 1
54 14 1
55 14 1
56 14 1
62 14 1
63 14 1
65 14 1
66 14 1
67 14 1
70 14 1
73 14 1
121 14 1
147 14 1
157 14 1
175 14 1
178 14 1
186 14 1
193 14 1
222 14 1
229 14 1
232 14 1
239 14 1
243 14 1
245 14 1
256 14 1
259 14 1
262 14 1
78 15 1
96 15 1
97 15 1
112 15 1
118 15 1
121 15 1
128 15 1
129 15 1
130 15 1
134 15 1
135 15 1
136 15 1
139 15 1
184 15 1
196 15 1
215 15 1
239 15 1
241 15 1
247 15 1
18 16 1
19 16 1
20 16 1
21 16 1
23 16 1
24 16 1
26 16 1
28 16 1
29 16 1
31 16 1
32 16 1
33 16 1
36 16 1
38 16 1
39 16 1
41 16 1
42 16 1
44 16 1
45 16 1
46 16 1
51 16 1
52 16 1
53 16 1
55 16 1
56 16 1
62 16 1
64 16 1
65 16 1
67 16 1
68 16 1
69 16 1
70 16 1
71 16 1
123 16 1
130 16 1
175 16 1
178 16 1
186 16 1
222 16 1
229 16 1
232 16 1
238 16 1
239 16 1
240 16 1
245 16 1
253 16 1
256 16 1
259 16 1
20 17 1
21 17 1
24 17 1
29 17 1
37 17 1
69 17 1
19 18 1
24 18 1
27 18 1
28 18 1
33 18 1
36 18 1
40 18 1
41 18 1
42 18 1
44 18 1
46 18 1
47 18 1
51 18 1
52 18 1
54 18 1
55 18 1
62 18 1
63 18 1
64 18 1
65 18 1
66 18 1
67 18 1
69 18 1
71 18 1
73 18 1
80 18 1
118 18 1
142 18 1
175 18 1
178 18 1
184 18 1
222 18 1
228 18 1
229 18 1
232 18 1
239 18 1
240 18 1
243 18 1
245 18 1
249 18 1
251 18 1
253 18 1
256 18 1
258 18 1
259 18 1
23 19 1
24 19 1
27 19 1
36 19 1
38 19 1
40 19 1
41 19 1
42 19 1
44 19 1
46 19 1
47 19 1
51 19 1
52 19 1
53 19 1
54 19 1
55 19 1
56 19 1
57 19 1
59 19 1
62 19 1
63 19 1
65 19 1
66 19 1
67 19 1
71 19 1
73 19 1
118 19 1
138 19 1
175 19 1
178 19 1
201 19 1
213 19 1
222 19 1
229 19 1
232 19 1
240 19 1
243 19 1
245 19 1
253 19 1
259 19 1
21 20 1
23 20 1
25 20 1
26 20 1
31 20 1
32 20 1
34 20 1
36 20 1
39 20 1
40 20 1
43 20 1
44 20 1
45 20 1
46 20 1
47 20 1
53 20 1
55 20 1
56 20 1
65 20 1
67 20 1
68 20 1
69 20 1
70 20 1
71 20 1
72 20 1
79 20 1
123 20 1
131 20 1
147 20 1
153 20 1
154 20 1
155 20 1
159 20 1
160 20 1
162 20 1
164 20 1
166 20 1
168 20 1
172 20 1
222 20 1
224 20 1
238 20 1
250 20 1
253 20 1
255 20 1
256 20 1
262 20 1
24 21 1
33 21 1
34 21 1
37 21 1
38 21 1
40 21 1
45 21 1
46 21 1
55 21 1
62 21 1
69 21 1
23 22 1
25 22 1
26 22 1
38 22 1
39 22 1
53 22 1
54 22 1
104 22 1
175 22 1
261 22 1
262 22 1
24 23 1
25 23 1
26 23 1
28 23 1
32 23 1
33 23 1
36 23 1
39 23 1
40 23 1
41 23 1
42 23 1
44 23 1
46 23 1
47 23 1
48 23 1
51 23 1
53 23 1
54 23 1
55 23 1
56 23 1
63 23 1
64 23 1
65 23 1
66 23 1
67 23 1
68 23 1
69 23 1
71 23 1
147 23 1
178 23 1
191 23 1
209 23 1
222 23 1
225 23 1
232 23 1
240 23 1
250 23 1
253 23 1
256 23 1
257 23 1
261 23 1
262 23 1
28 24 1
31 24 1
36 24 1
39 24 1
40 24 1
41 24 1
42 24 1
43 24 1
44 24 1
46 24 1
47 24 1
51 24 1
55 24 1
62 24 1
65 24 1
69 24 1
191 24 1
253 24 1
26 25 1
33 25 1
43 25 1
47 25 1
48 25 1
49 25 1
51 25 1
53 25 1
54 25 1
55 25 1
56 25 1
64 25 1
65 25 1
67 25 1
68 25 1
70 25 1
71 25 1
72 25 1
124 25 1
125 25 1
130 25 1
144 25 1
147 25 1
149 25 1
150 25 1
151 25 1
153 25 1
154 25 1
155 25 1
156 25 1
157 25 1
159 25 1
160 25 1
161 25 1
162 25 1
164 25 1
165 25 1
166 25 1
169 25 1
172 25 1
191 25 1
222 25 1
225 25 1
249 25 1
250 25 1
253 25 1
254 25 1
255 25 1
257 25 1
261 25 1
262 25 1
28 26 1
33 26 1
39 26 1
40 26 1
42 26 1
43 26 1
46 26 1
51 26 1
53 26 1
55 26 1
56 26 1
62 26 1
63 26 1
64 26 1
65 26 1
67 26 1
70 26 1
71 26 1
123 26 1
125 26 1
130 26 1
131 26 1
142 26 1
144 26 1
145 26 1
147 26 1
148 26 1
149 26 1
150 26 1
151 26 1
152 26 1
153 26 1
154 26 1
155 26 1
156 26 1
157 26 1
159 26 1
160 26 1
162 26 1
163 26 1
164 26 1
165 26 1
166 26 1
168 26 1
169 26 1
170 26 1
173 26 1
186 26 1
191 26 1
226 26 1
229 26 1
241 26 1
250 26 1
254 26 1
255 26 1
256 26 1
259 26 1
260 26 1
261 26 1
262 26 1
28 27 1
33 27 1
36 27 1
39 27 1
40 27 1
41 27 1
42 27 1
44 27 1
46 27 1
47 27 1
51 27 1
55 27 1
62 27 1
63 27 1
65 27 1
66 27 1
69 27 1
178 27 1
232 27 1
240 27 1
249 27 1
251 27 1
258 27 1
36 28 1
42 28 1
43 28 1
44 28 1
46 28 1
47 28 1
48 28 1
51 28 1
52 28 1
53 28 1
54 28 1
55 28 1
56 28 1
59 28 1
62 28 1
63 28 1
64 28 1
65 28 1
70 28 1
71 28 1
77 28 1
121 28 1
124 28 1
125 28 1
130 28 1
144 28 1
145 28 1
147 28 1
149 28 1
150 28 1
151 28 1
154 28 1
157 28 1
159 28 1
160 28 1
162 28 1
165 28 1
166 28 1
169 28 1
178 28 1
191 28 1
209 28 1
211 28 1
212 28 1
213 28 1
214 28 1
216 28 1
222 28 1
225 28 1
226 28 1
229 28 1
232 28 1
243 28 1
245 28 1
249 28 1
250 28 1
253 28 1
254 28 1
256 28 1
257 28 1
258 28 1
259 28 1
260 28 1
261 28 1
262 28 1
31 29 1
67 29 1
69 29 1
71 29 1
263 29 1
33 30 1
37 30 1
33 31 1
35 31 1
36 31 1
38 31 1
69 31 1
38 32 1
39 32 1
40 32 1
46 32 1
47 32 1
48 32 1
51 32 1
53 32 1
54 32 1
55 32 1
56 32 1
64 32 1
65 32 1
67 32 1
68 32 1
130 32 1
175 32 1
213 32 1
222 32 1
240 32 1
253 32 1
261 32 1
267 32 1
34 33 1
36 33 1
37 33 1
39 33 1
40 33 1
42 33 1
43 33 1
44 33 1
45 33 1
46 33 1
47 33 1
51 33 1
55 33 1
65 33 1
67 33 1
68 33 1
69 33 1
71 33 1
72 33 1
164 33 1
191 33 1
250 33 1
253 33 1
255 33 1
39 34 1
46 34 1
55 34 1
66 34 1
39 36 1
40 36 1
42 36 1
43 36 1
44 36 1
45 36 1
46 36 1
47 36 1
51 36 1
52 36 1
55 36 1
56 36 1
67 36 1
69 36 1
71 36 1
72 36 1
77 36 1
151 36 1
154 36 1
160 36 1
162 36 1
175 36 1
222 36 1
224 36 1
225 36 1
226 36 1
229 36 1
250 36 1
39 38 1
175 38 1
41 39 1
42 39 1
44 39 1
45 39 1
46 39 1
47 39 1
51 39 1
52 39 1
53 39 1
54 39 1
55 39 1
56 39 1
62 39 1
63 39 1
64 39 1
65 39 1
66 39 1
67 39 1
68 39 1
69 39 1
71 39 1
147 39 1
154 39 1
160 39 1
166 39 1
175 39 1
178 39 1
222 39 1
225 39 1
240 39 1
250 39 1
253 39 1
256 39 1
259 39 1
267 39 1
41 40 1
42 40 1
44 40 1
45 40 1
46 40 1
47 40 1
51 40 1
52 40 1
54 40 1
55 40 1
56 40 1
62 40 1
63 40 1
64 40 1
65 40 1
66 40 1
67 40 1
69 40 1
71 40 1
121 40 1
123 40 1
130 40 1
175 40 1
178 40 1
222 40 1
229 40 1
239 40 1
253 40 1
256 40 1
259 40 1
42 41 1
44 41 1
46 41 1
47 41 1
51 41 1
52 41 1
55 41 1
59 41 1
63 41 1
64 41 1
65 41 1
66 41 1
67 41 1
71 41 1
77 41 1
118 41 1
142 41 1
175 41 1
222 41 1
228 41 1
229 41 1
239 41 1
243 41 1
245 41 1
250 41 1
256 41 1
43 42 1
44 42 1
46 42 1
47 42 1
51 42 1
55 42 1
63 42 1
64 42 1
65 42 1
66 42 1
67 42 1
70 42 1
71 42 1
72 42 1
77 42 1
125 42 1
149 42 1
151 42 1
153 42 1
154 42 1
155 42 1
160 42 1
162 42 1
191 42 1
222 42 1
224 42 1
225 42 1
226 42 1
249 42 1
250 42 1
251 42 1
253 42 1
256 42 1
259 42 1
262 42 1
44 43 1
45 43 1
46 43 1
47 43 1
52 43 1
55 43 1
65 43 1
68 43 1
69 43 1
70 43 1
71 43 1
72 43 1
125 43 1
164 43 1
222 43 1
225 43 1
250 43 1
253 43 1
255 43 1
45 44 1
47 44 1
51 44 1
52 44 1
53 44 1
55 44 1
56 44 1
62 44 1
63 44 1
64 44 1
65 44 1
66 44 1
67 44 1
69 44 1
70 44 1
77 44 1
90 44 1
124 44 1
125 44 1
142 44 1
145 44 1
147 44 1
149 44 1
150 44 1
151 44 1
153 44 1
154 44 1
155 44 1
156 44 1
157 44 1
159 44 1
160 44 1
162 44 1
165 44 1
166 44 1
169 44 1
170 44 1
173 44 1
175 44 1
178 44 1
191 44 1
222 44 1
225 44 1
226 44 1
229 44 1
232 44 1
243 44 1
245 44 1
250 44 1
253 44 1
256 44 1
259 44 1
261 44 1
262 44 1
46 45 1
51 45 1
52 45 1
54 45 1
56 45 1
67 45 1
68 45 1
71 45 1
72 45 1
125 45 1
164 45 1
222 45 1
238 45 1
250 45 1
253 45 1
47 46 1
51 46 1
53 46 1
54 46 1
55 46 1
56 46 1
62 46 1
63 46 1
64 46 1
65 46 1
67 46 1
68 46 1
69 46 1
70 46 1
147 46 1
154 46 1
160 46 1
164 46 1
175 46 1
191 46 1
222 46 1
225 46 1
240 46 1
250 46 1
253 46 1
256 46 1
259 46 1
262 46 1
267 46 1
48 47 1
52 47 1
55 47 1
56 47 1
59 47 1
62 47 1
63 47 1
64 47 1
65 47 1
67 47 1
68 47 1
69 47 1
70 47 1
130 47 1
191 47 1
222 47 1
229 47 1
232 47 1
240 47 1
245 47 1
250 47 1
253 47 1
256 47 1
51 48 1
52 48 1
53 48 1
54 48 1
56 48 1
64 48 1
65 48 1
68 48 1
124 48 1
147 48 1
150 48 1
151 48 1
155 48 1
156 48 1
157 48 1
162 48 1
165 48 1
166 48 1
172 48 1
222 48 1
224 48 1
225 48 1
250 48 1
255 48 1
256 48 1
52 51 1
53 51 1
54 51 1
55 51 1
56 51 1
57 51 1
59 51 1
60 51 1
62 51 1
63 51 1
64 51 1
65 51 1
67 51 1
70 51 1
71 51 1
73 51 1
123 51 1
124 51 1
125 51 1
130 51 1
147 51 1
150 51 1
157 51 1
160 51 1
175 51 1
178 51 1
191 51 1
209 51 1
222 51 1
226 51 1
229 51 1
232 51 1
239 51 1
240 51 1
245 51 1
250 51 1
253 51 1
256 51 1
257 51 1
258 51 1
259 51 1
262 51 1
267 51 1
54 52 1
55 52 1
57 52 1
62 52 1
63 52 1
64 52 1
65 52 1
67 52 1
70 52 1
71 52 1
124 52 1
125 52 1
143 52 1
147 52 1
150 52 1
154 52 1
169 52 1
173 52 1
222 52 1
226 52 1
232 52 1
243 52 1
245 52 1
253 52 1
256 52 1
54 53 1
55 53 1
56 53 1
57 53 1
59 53 1
62 53 1
64 53 1
65 53 1
67 53 1
72 53 1
73 53 1
118 53 1
124 53 1
130 53 1
131 53 1
137 53 1
138 53 1
145 53 1
147 53 1
148 53 1
149 53 1
150 53 1
151 53 1
152 53 1
156 53 1
157 53 1
159 53 1
160 53 1
162 53 1
163 53 1
166 53 1
169 53 1
170 53 1
175 53 1
178 53 1
186 53 1
191 53 1
209 53 1
212 53 1
213 53 1
222 53 1
226 53 1
228 53 1
229 53 1
232 53 1
233 53 1
239 53 1
241 53 1
245 53 1
250 53 1
253 53 1
254 53 1
256 53 1
257 53 1
259 53 1
261 53 1
262 53 1
55 54 1
56 54 1
57 54 1
59 54 1
60 54 1
62 54 1
64 54 1
65 54 1
67 54 1
68 54 1
73 54 1
124 54 1
130 54 1
143 54 1
145 54 1
147 54 1
149 54 1
150 54 1
152 54 1
155 54 1
156 54 1
157 54 1
159 54 1
160 54 1
163 54 1
166 54 1
169 54 1
175 54 1
176 54 1
178 54 1
186 54 1
209 54 1
212 54 1
216 54 1
222 54 1
228 54 1
229 54 1
230 54 1
232 54 1
239 54 1
240 54 1
245 54 1
253 54 1
256 54 1
257 54 1
259 54 1
261 54 1
262 54 1
56 55 1
62 55 1
63 55 1
64 55 1
65 55 1
67 55 1
68 55 1
69 55 1
71 55 1
72 55 1
130 55 1
175 55 1
191 55 1
222 55 1
229 55 1
240 55 1
245 55 1
250 55 1
253 55 1
259 55 1
267 55 1
58 56 1
62 56 1
63 56 1
64 56 1
65 56 1
67 56 1
68 56 1
70 56 1
71 56 1
124 56 1
145 56 1
147 56 1
150 56 1
151 56 1
154 56 1
155 56 1
156 56 1
157 56 1
159 56 1
160 56 1
162 56 1
166 56 1
169 56 1
175 56 1
222 56 1
224 56 1
225 56 1
226 56 1
229 56 1
238 56 1
250 56 1
253 56 1
255 56 1
256 56 1
259 56 1
262 56 1
60 57 1
62 57 1
229 57 1
231 57 1
245 57 1
104 58 1
207 58 1
211 58 1
213 58 1
214 58 1
216 58 1
63 59 1
66 59 1
73 59 1
80 59 1
113 59 1
124 59 1
128 59 1
138 59 1
184 59 1
203 59 1
212 59 1
221 59 1
227 59 1
228 59 1
229 59 1
231 59 1
232 59 1
233 59 1
234 59 1
239 59 1
245 59 1
247 59 1
248 59 1
257 59 1
67 60 1
143 60 1
166 60 1
229 60 1
246 60 1
259 60 1
73 61 1
139 61 1
142 61 1
157 61 1
227 61 1
63 62 1
64 62 1
65 62 1
67 62 1
70 62 1
71 62 1
73 62 1
116 62 1
147 62 1
175 62 1
178 62 1
186 62 1
193 62 1
229 62 1
232 62 1
243 62 1
245 62 1
253 62 1
256 62 1
258 62 1
259 62 1
64 63 1
65 63 1
66 63 1
67 63 1
70 63 1
142 63 1
150 63 1
154 63 1
157 63 1
191 63 1
222 63 1
226 63 1
229 63 1
240 63 1
243 63 1
245 63 1
250 63 1
256 63 1
65 64 1
67 64 1
70 64 1
71 64 1
124 64 1
147 64 1
149 64 1
150 64 1
154 64 1
155 64 1
156 64 1
159 64 1
160 64 1
162 64 1
166 64 1
175 64 1
191 64 1
209 64 1
213 64 1
216 64 1
222 64 1
250 64 1
253 64 1
256 64 1
257 64 1
259 64 1
262 64 1
267 64 1
67 65 1
71 65 1
72 65 1
81 65 1
82 65 1
123 65 1
150 65 1
154 65 1
157 65 1
160 65 1
162 65 1
166 65 1
191 65 1
222 65 1
226 65 1
229 65 1
238 65 1
240 65 1
245 65 1
250 65 1
253 65 1
255 65 1
256 65 1
263 65 1
73 66 1
81 66 1
83 66 1
96 66 1
116 66 1
117 66 1
121 66 1
128 66 1
142 66 1
184 66 1
193 66 1
229 66 1
239 66 1
245 66 1
259 66 1
68 67 1
69 67 1
70 67 1
71 67 1
123 67 1
144 67 1
145 67 1
147 67 1
149 67 1
150 67 1
151 67 1
153 67 1
154 67 1
155 67 1
156 67 1
159 67 1
160 67 1
162 67 1
165 67 1
166 67 1
168 67 1
169 67 1
172 67 1
173 67 1
175 67 1
178 67 1
222 67 1
224 67 1
225 67 1
226 67 1
229 67 1
250 67 1
253 67 1
255 67 1
256 67 1
259 67 1
262 67 1
155 68 1
162 68 1
164 68 1
168 68 1
172 68 1
222 68 1
224 68 1
225 68 1
250 68 1
252 68 1
253 68 1
255 68 1
71 69 1
191 69 1
222 69 1
224 69 1
225 69 1
253 69 1
255 69 1
71 70 1
72 70 1
117 70 1
123 70 1
125 70 1
137 70 1
143 70 1
144 70 1
148 70 1
150 70 1
152 70 1
154 70 1
159 70 1
160 70 1
162 70 1
164 70 1
165 70 1
166 70 1
168 70 1
169 70 1
173 70 1
222 70 1
226 70 1
238 70 1
245 70 1
250 70 1
253 70 1
255 70 1
256 70 1
259 70 1
263 70 1
72 71 1
123 71 1
125 71 1
131 71 1
145 71 1
147 71 1
148 71 1
149 71 1
150 71 1
151 71 1
152 71 1
153 71 1
154 71 1
155 71 1
156 71 1
157 71 1
158 71 1
159 71 1
160 71 1
162 71 1
164 71 1
165 71 1
166 71 1
168 71 1
169 71 1
172 71 1
173 71 1
186 71 1
191 71 1
222 71 1
224 71 1
225 71 1
226 71 1
238 71 1
250 71 1
253 71 1
255 71 1
256 71 1
259 71 1
262 71 1
123 72 1
124 72 1
125 72 1
131 72 1
137 72 1
145 72 1
147 72 1
150 72 1
151 72 1
153 72 1
154 72 1
155 72 1
156 72 1
159 72 1
160 72 1
162 72 1
164 72 1
165 72 1
166 72 1
169 72 1
172 72 1
173 72 1
222 72 1
224 72 1
225 72 1
226 72 1
229 72 1
238 72 1
242 72 1
250 72 1
253 72 1
255 72 1
256 72 1
261 72 1
262 72 1
87 73 1
100 73 1
116 73 1
121 73 1
133 73 1
141 73 1
142 73 1
143 73 1
145 73 1
146 73 1
147 73 1
149 73 1
150 73 1
157 73 1
163 73 1
169 73 1
170 73 1
178 73 1
179 73 1
186 73 1
191 73 1
193 73 1
196 73 1
226 73 1
228 73 1
229 73 1
232 73 1
233 73 1
234 73 1
243 73 1
245 73 1
258 73 1
259 73 1
80 74 1
151 74 1
153 74 1
155 74 1
165 74 1
173 74 1
203 74 1
249 74 1
261 74 1
76 75 1
83 75 1
88 75 1
89 75 1
90 75 1
92 75 1
95 75 1
96 75 1
99 75 1
105 75 1
107 75 1
109 75 1
110 75 1
115 75 1
116 75 1
117 75 1
121 75 1
132 75 1
146 75 1
152 75 1
163 75 1
167 75 1
170 75 1
181 75 1
193 75 1
86 76 1
89 76 1
92 76 1
107 76 1
116 76 1
117 76 1
121 76 1
132 76 1
137 76 1
139 76 1
143 76 1
146 76 1
167 76 1
181 76 1
193 76 1
227 76 1
230 76 1
241 76 1
245 76 1
247 76 1
269 76 1
90 77 1
125 77 1
138 77 1
140 77 1
142 77 1
145 77 1
150 77 1
151 77 1
152 77 1
154 77 1
155 77 1
156 77 1
158 77 1
159 77 1
162 77 1
165 77 1
169 77 1
170 77 1
173 77 1
223 77 1
225 77 1
228 77 1
229 77 1
261 77 1
98 78 1
105 78 1
106 78 1
112 78 1
115 78 1
127 78 1
82 79 1
117 79 1
118 79 1
123 79 1
239 79 1
88 80 1
90 80 1
93 80 1
94 80 1
95 80 1
113 80 1
115 80 1
122 80 1
130 80 1
134 80 1
135 80 1
136 80 1
138 80 1
146 80 1
167 80 1
178 80 1
192 80 1
203 80 1
212 80 1
215 80 1
217 80 1
221 80 1
228 80 1
229 80 1
233 80 1
249 80 1
261 80 1
82 81 1
83 81 1
117 81 1
118 81 1
123 81 1
128 81 1
137 81 1
143 81 1
184 81 1
239 81 1
241 81 1
245 81 1
118 82 1
123 82 1
129 82 1
131 82 1
238 82 1
239 82 1
88 83 1
89 83 1
90 83 1
92 83 1
95 83 1
96 83 1
100 83 1
107 83 1
109 83 1
110 83 1
116 83 1
127 83 1
128 83 1
132 83 1
134 83 1
135 83 1
139 83 1
142 83 1
146 83 1
167 83 1
193 83 1
94 84 1
133 84 1
177 84 1
179 84 1
182 84 1
184 84 1
185 84 1
190 84 1
192 84 1
196 84 1
204 84 1
220 84 1
258 84 1
88 86 1
90 86 1
91 86 1
92 86 1
95 86 1
99 86 1
107 86 1
109 86 1
110 86 1
116 86 1
117 86 1
120 86 1
133 86 1
185 86 1
193 86 1
194 86 1
243 86 1
245 86 1
88 87 1
90 87 1
92 87 1
94 87 1
95 87 1
99 87 1
100 87 1
116 87 1
120 87 1
133 87 1
134 87 1
178 87 1
179 87 1
185 87 1
192 87 1
193 87 1
194 87 1
196 87 1
202 87 1
223 87 1
243 87 1
93 88 1
94 88 1
95 88 1
96 88 1
99 88 1
100 88 1
107 88 1
109 88 1
110 88 1
115 88 1
116 88 1
117 88 1
118 88 1
121 88 1
122 88 1
127 88 1
132 88 1
133 88 1
134 88 1
135 88 1
140 88 1
141 88 1
142 88 1
145 88 1
146 88 1
167 88 1
170 88 1
192 88 1
193 88 1
202 88 1
223 88 1
243 88 1
90 89 1
96 89 1
99 89 1
100 89 1
107 89 1
109 89 1
110 89 1
115 89 1
116 89 1
117 89 1
118 89 1
121 89 1
128 89 1
167 89 1
193 89 1
239 89 1
247 89 1
92 90 1
93 90 1
94 90 1
95 90 1
99 90 1
107 90 1
109 90 1
110 90 1
115 90 1
116 90 1
117 90 1
121 90 1
132 90 1
133 90 1
134 90 1
135 90 1
142 90 1
145 90 1
146 90 1
163 90 1
167 90 1
170 90 1
179 90 1
193 90 1
194 90 1
223 90 1
228 90 1
229 90 1
233 90 1
243 90 1
92 91 1
93 91 1
94 91 1
107 91 1
109 91 1
113 91 1
115 91 1
116 91 1
122 91 1
132 91 1
133 91 1
135 91 1
146 91 1
179 91 1
185 91 1
188 91 1
212 91 1
223 91 1
228 91 1
243 91 1
245 91 1
247 91 1
268 91 1
94 92 1
96 92 1
99 92 1
100 92 1
107 92 1
108 92 1
109 92 1
110 92 1
112 92 1
115 92 1
116 92 1
117 92 1
118 92 1
119 92 1
121 92 1
128 92 1
132 92 1
134 92 1
135 92 1
139 92 1
141 92 1
146 92 1
167 92 1
192 92 1
193 92 1
196 92 1
202 92 1
223 92 1
233 92 1
239 92 1
247 92 1
94 93 1
108 93 1
111 93 1
113 93 1
115 93 1
122 93 1
133 93 1
134 93 1
136 93 1
192 93 1
196 93 1
210 93 1
212 93 1
221 93 1
228 93 1
233 93 1
268 93 1
95 94 1
100 94 1
107 94 1
108 94 1
113 94 1
115 94 1
122 94 1
134 94 1
135 94 1
177 94 1
179 94 1
182 94 1
184 94 1
185 94 1
190 94 1
192 94 1
193 94 1
196 94 1
202 94 1
210 94 1
212 94 1
220 94 1
221 94 1
247 94 1
258 94 1
99 95 1
107 95 1
108 95 1
109 95 1
110 95 1
115 95 1
116 95 1
119 95 1
133 95 1
134 95 1
135 95 1
146 95 1
152 95 1
167 95 1
170 95 1
192 95 1
193 95 1
223 95 1
228 95 1
229 95 1
233 95 1
234 95 1
243 95 1
105 96 1
112 96 1
118 96 1
121 96 1
123 96 1
128 96 1
129 96 1
134 96 1
135 96 1
141 96 1
167 96 1
193 96 1
202 96 1
233 96 1
239 96 1
241 96 1
102 97 1
104 97 1
112 97 1
122 97 1
136 97 1
189 97 1
216 97 1
219 97 1
249 97 1
261 97 1
103 98 1
105 98 1
106 98 1
127 98 1
100 99 1
103 99 1
106 99 1
107 99 1
109 99 1
110 99 1
116 99 1
117 99 1
121 99 1
127 99 1
134 99 1
193 99 1
197 99 1
243 99 1
107 100 1
118 100 1
120 100 1
134 100 1
135 100 1
177 100 1
192 100 1
193 100 1
195 100 1
196 100 1
197 100 1
202 100 1
104 101 1
189 101 1
216 101 1
218 101 1
104 102 1
114 102 1
105 103 1
106 103 1
114 103 1
127 103 1
138 104 1
189 104 1
203 104 1
213 104 1
215 104 1
216 104 1
217 104 1
219 104 1
261 104 1
110 105 1
114 105 1
241 105 1
114 106 1
121 106 1
115 107 1
116 107 1
132 107 1
133 107 1
135 107 1
180 107 1
185 107 1
193 107 1
197 107 1
198 107 1
247 107 1
269 107 1
111 108 1
115 108 1
122 108 1
135 108 1
180 108 1
210 108 1
115 109 1
116 109 1
117 109 1
132 109 1
137 109 1
139 109 1
142 109 1
146 109 1
163 109 1
167 109 1
181 109 1
193 109 1
223 109 1
243 109 1
245 109 1
247 109 1
115 110 1
116 110 1
117 110 1
132 110 1
137 110 1
139 110 1
142 110 1
146 110 1
167 110 1
193 110 1
122 111 1
217 111 1
221 111 1
118 112 1
127 112 1
128 112 1
134 112 1
135 112 1
139 112 1
184 112 1
212 112 1
217 112 1
228 112 1
133 113 1
135 113 1
217 113 1
221 113 1
122 115 1
133 115 1
134 115 1
135 115 1
167 115 1
202 115 1
217 115 1
223 115 1
117 116 1
119 116 1
133 116 1
135 116 1
139 116 1
143 116 1
146 116 1
167 116 1
193 116 1
223 116 1
227 116 1
234 116 1
243 116 1
245 116 1
247 116 1
123 117 1
132 117 1
137 117 1
142 117 1
143 117 1
145 117 1
146 117 1
150 117 1
152 117 1
193 117 1
226 117 1
245 117 1
121 118 1
123 118 1
127 118 1
128 118 1
129 118 1
134 118 1
139 118 1
141 118 1
142 118 1
184 118 1
193 118 1
228 118 1
229 118 1
239 118 1
248 118 1
133 119 1
193 119 1
177 120 1
185 120 1
188 120 1
197 120 1
198 120 1
200 120 1
202 120 1
130 121 1
134 121 1
135 121 1
141 121 1
193 121 1
196 121 1
229 121 1
233 121 1
239 121 1
241 121 1
244 121 1
245 121 1
259 121 1
134 122 1
135 122 1
183 122 1
202 122 1
210 122 1
212 122 1
221 122 1
129 123 1
130 123 1
131 123 1
137 123 1
166 123 1
186 123 1
222 123 1
226 123 1
238 123 1
239 123 1
241 123 1
253 123 1
256 123 1
259 123 1
125 124 1
137 124 1
138 124 1
140 124 1
142 124 1
143 124 1
144 124 1
145 124 1
147 124 1
148 124 1
149 124 1
150 124 1
151 124 1
152 124 1
153 124 1
154 124 1
155 124 1
156 124 1
157 124 1
158 124 1
159 124 1
162 124 1
163 124 1
165 124 1
166 124 1
169 124 1
170 124 1
173 124 1
213 124 1
214 124 1
226 124 1
229 124 1
254 124 1
256 124 1
262 124 1
137 125 1
140 125 1
141 125 1
142 125 1
144 125 1
145 125 1
147 125 1
148 125 1
149 125 1
150 125 1
151 125 1
152 125 1
153 125 1
154 125 1
155 125 1
156 125 1
157 125 1
158 125 1
159 125 1
160 125 1
161 125 1
162 125 1
163 125 1
165 125 1
166 125 1
169 125 1
170 125 1
172 125 1
173 125 1
191 125 1
226 125 1
229 125 1
241 125 1
250 125 1
254 125 1
256 125 1
260 125 1
149 126 1
150 126 1
157 126 1
165 126 1
169 126 1
134 127 1
141 127 1
142 127 1
129 128 1
130 128 1
134 128 1
239 128 1
241 128 1
248 128 1
130 129 1
134 129 1
239 129 1
241 129 1
203 130 1
229 130 1
232 130 1
239 130 1
240 130 1
241 130 1
249 130 1
253 130 1
261 130 1
137 131 1
145 131 1
147 131 1
148 131 1
150 131 1
151 131 1
152 131 1
156 131 1
158 131 1
159 131 1
160 131 1
162 131 1
165 131 1
166 131 1
169 131 1
238 131 1
242 131 1
250 131 1
253 131 1
256 131 1
262 131 1
139 132 1
146 132 1
152 132 1
163 132 1
167 132 1
193 132 1
223 132 1
228 132 1
230 132 1
233 132 1
234 132 1
247 132 1
134 133 1
135 133 1
136 133 1
167 133 1
179 133 1
182 133 1
185 133 1
192 133 1
193 133 1
196 133 1
212 133 1
215 133 1
228 133 1
233 133 1
243 133 1
247 133 1
268 133 1
269 133 1
136 134 1
141 134 1
192 134 1
193 134 1
196 134 1
202 134 1
223 134 1
228 134 1
233 134 1
239 134 1
136 135 1
139 135 1
167 135 1
192 135 1
193 135 1
196 135 1
202 135 1
215 135 1
228 135 1
233 135 1
247 135 1
184 136 1
190 136 1
192 136 1
196 136 1
204 136 1
210 136 1
212 136 1
220 136 1
221 136 1
233 136 1
140 137 1
141 137 1
142 137 1
143 137 1
144 137 1
145 137 1
146 137 1
148 137 1
149 137 1
150 137 1
152 137 1
157 137 1
160 137 1
163 137 1
165 137 1
166 137 1
167 137 1
169 137 1
170 137 1
173 137 1
226 137 1
229 137 1
241 137 1
245 137 1
256 137 1
259 137 1
142 138 1
145 138 1
146 138 1
163 138 1
167 138 1
170 138 1
213 138 1
214 138 1
217 138 1
228 138 1
229 138 1
261 138 1
141 139 1
167 139 1
184 139 1
193 139 1
215 139 1
228 139 1
233 139 1
234 139 1
239 139 1
247 139 1
248 139 1
142 140 1
143 140 1
144 140 1
145 140 1
146 140 1
147 140 1
148 140 1
149 140 1
150 140 1
151 140 1
152 140 1
153 140 1
154 140 1
156 140 1
157 140 1
159 140 1
160 140 1
162 140 1
163 140 1
165 140 1
166 140 1
167 140 1
169 140 1
171 140 1
173 140 1
241 140 1
256 140 1
142 141 1
143 141 1
144 141 1
145 141 1
146 141 1
148 141 1
150 141 1
151 141 1
152 141 1
157 141 1
163 141 1
167 141 1
169 141 1
170 141 1
193 141 1
223 141 1
229 141 1
239 141 1
241 141 1
243 141 1
245 141 1
256 141 1
143 142 1
144 142 1
145 142 1
146 142 1
147 142 1
148 142 1
149 142 1
150 142 1
151 142 1
152 142 1
153 142 1
154 142 1
157 142 1
158 142 1
160 142 1
162 142 1
163 142 1
165 142 1
167 142 1
169 142 1
170 142 1
173 142 1
193 142 1
223 142 1
229 142 1
239 142 1
243 142 1
245 142 1
256 142 1
144 143 1
145 143 1
146 143 1
147 143 1
148 143 1
149 143 1
151 143 1
152 143 1
154 143 1
156 143 1
157 143 1
158 143 1
159 143 1
160 143 1
162 143 1
163 143 1
165 143 1
166 143 1
167 143 1
169 143 1
170 143 1
173 143 1
226 143 1
229 143 1
241 143 1
256 143 1
259 143 1
145 144 1
147 144 1
148 144 1
149 144 1
150 144 1
151 144 1
152 144 1
153 144 1
154 144 1
155 144 1
156 144 1
158 144 1
159 144 1
160 144 1
161 144 1
162 144 1
163 144 1
165 144 1
166 144 1
168 144 1
170 144 1
171 144 1
172 144 1
226 144 1
254 144 1
256 144 1
259 144 1
260 144 1
262 144 1
147 145 1
149 145 1
150 145 1
151 145 1
152 145 1
153 145 1
154 145 1
155 145 1
156 145 1
157 145 1
158 145 1
159 145 1
160 145 1
162 145 1
165 145 1
166 145 1
169 145 1
173 145 1
186 145 1
222 145 1
225 145 1
226 145 1
228 145 1
229 145 1
233 145 1
241 145 1
254 145 1
256 145 1
259 145 1
262 145 1
147 146 1
148 146 1
149 146 1
150 146 1
157 146 1
158 146 1
159 146 1
163 146 1
165 146 1
169 146 1
173 146 1
193 146 1
223 146 1
228 146 1
229 146 1
233 146 1
234 146 1
243 146 1
256 146 1
259 146 1
148 147 1
150 147 1
151 147 1
152 147 1
153 147 1
154 147 1
155 147 1
156 147 1
157 147 1
158 147 1
159 147 1
160 147 1
162 147 1
163 147 1
164 147 1
165 147 1
168 147 1
169 147 1
170 147 1
172 147 1
173 147 1
186 147 1
191 147 1
222 147 1
225 147 1
226 147 1
229 147 1
250 147 1
253 147 1
254 147 1
256 147 1
257 147 1
259 147 1
260 147 1
262 147 1
149 148 1
151 148 1
152 148 1
154 148 1
156 148 1
157 148 1
158 148 1
159 148 1
160 148 1
162 148 1
163 148 1
165 148 1
166 148 1
167 148 1
169 148 1
170 148 1
173 148 1
226 148 1
254 148 1
256 148 1
150 149 1
151 149 1
152 149 1
153 149 1
154 149 1
156 149 1
157 149 1
158 149 1
159 149 1
160 149 1
161 149 1
162 149 1
163 149 1
165 149 1
166 149 1
167 149 1
168 149 1
169 149 1
170 149 1
173 149 1
222 149 1
225 149 1
226 149 1
228 149 1
229 149 1
250 149 1
254 149 1
256 149 1
257 149 1
259 149 1
260 149 1
262 149 1
151 150 1
152 150 1
153 150 1
154 150 1
155 150 1
156 150 1
157 150 1
158 150 1
159 150 1
160 150 1
162 150 1
163 150 1
165 150 1
166 150 1
167 150 1
168 150 1
169 150 1
170 150 1
173 150 1
222 150 1
225 150 1
226 150 1
229 150 1
234 150 1
241 150 1
250 150 1
254 150 1
256 150 1
257 150 1
259 150 1
262 150 1
153 151 1
154 151 1
155 151 1
156 151 1
157 151 1
158 151 1
159 151 1
160 151 1
162 151 1
163 151 1
165 151 1
166 151 1
168 151 1
169 151 1
170 151 1
171 151 1
173 151 1
222 151 1
224 151 1
225 151 1
226 151 1
250 151 1
254 151 1
256 151 1
259 151 1
262 151 1
154 152 1
155 152 1
156 152 1
157 152 1
158 152 1
159 152 1
162 152 1
163 152 1
165 152 1
166 152 1
167 152 1
169 152 1
170 152 1
173 152 1
186 152 1
226 152 1
228 152 1
229 152 1
233 152 1
241 152 1
254 152 1
256 152 1
259 152 1
262 152 1
154 153 1
155 153 1
156 153 1
157 153 1
158 153 1
159 153 1
160 153 1
162 153 1
166 153 1
168 153 1
169 153 1
171 153 1
172 153 1
224 153 1
225 153 1
250 153 1
255 153 1
256 153 1
260 153 1
261 153 1
155 154 1
156 154 1
157 154 1
158 154 1
159 154 1
160 154 1
161 154 1
162 154 1
163 154 1
165 154 1
166 154 1
169 154 1
170 154 1
171 154 1
173 154 1
222 154 1
224 154 1
225 154 1
226 154 1
250 154 1
253 154 1
255 154 1
256 154 1
259 154 1
262 154 1
156 155 1
157 155 1
158 155 1
159 155 1
160 155 1
161 155 1
162 155 1
164 155 1
165 155 1
168 155 1
169 155 1
170 155 1
171 155 1
172 155 1
173 155 1
224 155 1
225 155 1
250 155 1
255 155 1
256 155 1
257 155 1
259 155 1
260 155 1
261 155 1
262 155 1
157 156 1
158 156 1
160 156 1
163 156 1
165 156 1
166 156 1
168 156 1
169 156 1
170 156 1
172 156 1
173 156 1
186 156 1
222 156 1
224 156 1
225 156 1
226 156 1
238 156 1
241 156 1
250 156 1
253 156 1
254 156 1
255 156 1
256 156 1
259 156 1
261 156 1
262 156 1
158 157 1
160 157 1
163 157 1
165 157 1
166 157 1
167 157 1
170 157 1
173 157 1
191 157 1
226 157 1
229 157 1
245 157 1
250 157 1
254 157 1
256 157 1
257 157 1
259 157 1
262 157 1
159 158 1
160 158 1
162 158 1
163 158 1
166 158 1
168 158 1
169 158 1
171 158 1
172 158 1
226 158 1
254 158 1
256 158 1
260 158 1
160 159 1
164 159 1
165 159 1
166 159 1
168 159 1
169 159 1
170 159 1
172 159 1
173 159 1
186 159 1
222 159 1
225 159 1
226 159 1
238 159 1
241 159 1
250 159 1
253 159 1
254 159 1
255 159 1
256 159 1
259 159 1
262 159 1
162 160 1
163 160 1
164 160 1
165 160 1
166 160 1
168 160 1
169 160 1
170 160 1
172 160 1
173 160 1
222 160 1
225 160 1
226 160 1
229 160 1
238 160 1
241 160 1
250 160 1
253 160 1
254 160 1
255 160 1
256 160 1
259 160 1
260 160 1
261 160 1
262 160 1
263 160 1
162 161 1
164 161 1
165 161 1
168 161 1
169 161 1
171 161 1
172 161 1
250 161 1
254 161 1
256 161 1
260 161 1
163 162 1
164 162 1
165 162 1
166 162 1
168 162 1
170 162 1
171 162 1
172 162 1
173 162 1
191 162 1
222 162 1
224 162 1
225 162 1
226 162 1
229 162 1
238 162 1
250 162 1
253 162 1
254 162 1
255 162 1
256 162 1
259 162 1
260 162 1
261 162 1
262 162 1
165 163 1
166 163 1
169 163 1
170 163 1
173 163 1
226 163 1
228 163 1
229 163 1
233 163 1
234 163 1
241 163 1
254 163 1
256 163 1
259 163 1
262 163 1
166 164 1
222 164 1
238 164 1
252 164 1
253 164 1
255 164 1
256 164 1
166 165 1
168 165 1
169 165 1
170 165 1
171 165 1
172 165 1
225 165 1
226 165 1
229 165 1
250 165 1
254 165 1
256 165 1
262 165 1
168 166 1
169 166 1
170 166 1
172 166 1
173 166 1
191 166 1
222 166 1
225 166 1
226 166 1
238 166 1
241 166 1
250 166 1
253 166 1
254 166 1
255 166 1
256 166 1
259 166 1
262 166 1
169 167 1
193 167 1
223 167 1
228 167 1
233 167 1
234 167 1
241 167 1
259 167 1
169 168 1
173 168 1
224 168 1
225 168 1
250 168 1
255 168 1
256 168 1
260 168 1
170 169 1
171 169 1
172 169 1
222 169 1
225 169 1
226 169 1
229 169 1
245 169 1
250 169 1
254 169 1
256 169 1
259 169 1
262 169 1
173 170 1
186 170 1
193 170 1
226 170 1
228 170 1
229 170 1
233 170 1
234 170 1
254 170 1
256 170 1
259 170 1
262 170 1
172 171 1
173 171 1
260 171 1
173 172 1
224 172 1
225 172 1
238 172 1
250 172 1
252 172 1
255 172 1
260 172 1
225 173 1
226 173 1
256 173 1
260 173 1
176 175 1
201 175 1
202 175 1
222 175 1
229 175 1
232 175 1
240 175 1
253 175 1
259 175 1
262 175 1
186 176 1
208 176 1
209 176 1
232 176 1
257 176 1
179 177 1
182 177 1
190 177 1
192 177 1
196 177 1
202 177 1
179 178 1
186 178 1
187 178 1
191 178 1
196 178 1
212 178 1
228 178 1
229 178 1
232 178 1
243 178 1
245 178 1
257 178 1
258 178 1
262 178 1
182 179 1
185 179 1
187 179 1
188 179 1
192 179 1
196 179 1
199 179 1
202 179 1
208 179 1
247 179 1
258 179 1
182 180 1
188 180 1
198 180 1
200 180 1
202 180 1
208 180 1
210 180 1
185 182 1
188 182 1
196 182 1
198 182 1
202 182 1
208 182 1
220 182 1
188 183 1
189 183 1
202 183 1
208 183 1
210 183 1
212 183 1
217 183 1
212 184 1
215 184 1
227 184 1
228 184 1
239 184 1
243 184 1
247 184 1
248 184 1
258 184 1
193 185 1
196 185 1
243 185 1
258 185 1
187 186 1
191 186 1
226 186 1
229 186 1
232 186 1
253 186 1
256 186 1
258 186 1
259 186 1
262 186 1
208 187 1
209 187 1
189 188 1
202 188 1
208 188 1
210 188 1
258 188 1
210 189 1
195 190 1
196 190 1
208 190 1
210 190 1
212 190 1
220 190 1
221 190 1
232 190 1
257 190 1
258 190 1
250 191 1
253 191 1
254 191 1
255 191 1
256 191 1
260 191 1
262 191 1
193 192 1
195 192 1
196 192 1
221 192 1
202 193 1
223 193 1
229 193 1
234 193 1
245 193 1
202 196 1
212 196 1
220 196 1
221 196 1
228 196 1
258 196 1
200 197 1
202 200 1
218 200 1
202 201 1
208 201 1
210 202 1
212 202 1
217 202 1
223 202 1
228 202 1
212 203 1
213 203 1
214 203 1
216 203 1
219 203 1
221 203 1
228 203 1
229 203 1
233 203 1
249 203 1
257 203 1
261 203 1
210 204 1
212 204 1
219 204 1
220 204 1
221 204 1
252 206 1
213 207 1
216 207 1
209 208 1
210 208 1
212 208 1
220 208 1
258 208 1
212 209 1
213 209 1
216 209 1
228 209 1
246 209 1
257 209 1
259 209 1
262 209 1
212 210 1
220 210 1
221 210 1
233 210 1
213 212 1
216 212 1
217 212 1
220 212 1
221 212 1
228 212 1
229 212 1
232 212 1
233 212 1
234 212 1
257 212 1
258 212 1
214 213 1
215 213 1
221 213 1
227 213 1
228 213 1
229 213 1
233 213 1
257 213 1
261 213 1
216 214 1
219 214 1
225 214 1
249 214 1
261 214 1
221 215 1
228 215 1
233 215 1
239 215 1
243 215 1
219 216 1
221 216 1
249 216 1
257 216 1
261 216 1
228 217 1
249 219 1
261 219 1
257 220 1
228 221 1
233 221 1
229 222 1
238 222 1
240 222 1
250 222 1
253 222 1
255 222 1
256 222 1
259 222 1
226 223 1
228 223 1
229 223 1
233 223 1
243 223 1
245 223 1
225 224 1
250 224 1
252 224 1
253 224 1
226 225 1
250 225 1
253 225 1
255 225 1
256 225 1
261 225 1
229 226 1
234 226 1
253 226 1
256 226 1
259 226 1
230 227 1
234 227 1
245 227 1
247 227 1
229 228 1
230 228 1
233 228 1
234 228 1
239 228 1
243 228 1
257 228 1
259 228 1
261 228 1
262 228 1
232 229 1
233 229 1
234 229 1
239 229 1
241 229 1
243 229 1
245 229 1
254 229 1
256 229 1
259 229 1
261 229 1
262 229 1
234 230 1
239 230 1
247 230 1
259 230 1
232 231 1
234 231 1
244 231 1
243 232 1
245 232 1
257 232 1
258 232 1
239 233 1
247 233 1
257 233 1
245 234 1
247 234 1
257 234 1
242 238 1
252 238 1
253 238 1
255 238 1
241 239 1
245 239 1
257 239 1
267 240 1
254 241 1
256 241 1
259 242 1
267 242 1
245 243 1
258 243 1
245 244 1
248 245 1
256 245 1
258 245 1
259 245 1
269 247 1
268 248 1
257 249 1
261 249 1
253 250 1
255 250 1
256 250 1
261 250 1
262 250 1
255 252 1
255 253 1
256 253 1
259 253 1
262 253 1
260 254 1
256 255 1
259 256 1
260 256 1
262 256 1
258 257 1
259 257 1
261 257 1
262 257 1
262 259 1
262 261 1
264 263 1
267 266 1
269 268 1
