-46 -61 21 4 1 "V79"
-44 12 -34 4 1 "V81"
46 16 -30 4 1 "V82"
-64 -23 -10 4 1 "V83"
-10 39 52 4 1 "V98"
-10 55 39 4 1 "V103"
-56 -13 -10 4 1 "V117"
-58 -30 -4 4 1 "V118"
52 -2 -16 4 1 "V123"
28 -77 -32 4 1 "V127"
52 7 -30 4 1 "V128"
-53 3 -27 4 1 "V129"
-49 -42 1 4 1 "V131"
-46 31 -13 4 1 "V137"
-10 11 67 4 1 "V138"
-44 2 46 4 1 "V174"
54 -43 22 4 1 "V235"
-56 -50 10 4 1 "V236"
52 -33 8 4 1 "V238"
51 -29 -4 4 1 "V239"
56 -46 11 4 1 "V240"
53 33 1 4 1 "V241"
-49 25 -1 4 1 "V242"
56 -54 19 4 1 "V268"
-56 -56 18 4 1 "V269"
