34 38 -12 3 1 "V12"
6 67 -4 3 1 "V75"
8 48 -15 3 1 "V76"
-18 63 -9 3 1 "V78"
27 16 -17 3 1 "V85"
-7 -55 27 3 1 "V88"
8 -48 31 3 1 "V92"
52 -59 36 3 1 "V96"
23 33 48 3 1 "V97"
-16 29 53 3 1 "V99"
22 39 39 3 1 "V101"
13 55 38 3 1 "V102"
-20 45 39 3 1 "V104"
6 54 16 3 1 "V105"
6 64 22 3 1 "V106"
-7 51 -1 3 1 "V107"
9 54 3 3 1 "V108"
-6 44 -9 3 1 "V109"
8 42 -5 3 1 "V110"
-11 45 8 3 1 "V111"
-6 38 36 3 1 "V112"
-4 42 16 3 1 "V113"
-20 64 19 3 1 "V114"
-8 48 24 3 1 "V115"
13 30 59 3 1 "V121"
8 41 19 3 1 "V122"
-31 19 -19 3 1 "V132"
49 35 -12 3 1 "V139"
37 32 -2 3 1 "V210"
34 16 -8 3 1 "V211"
-10 34 22 3 1 "V212"
-28 52 21 3 1 "V214"
-4 30 28 3 1 "V215"
5 23 37 3 1 "V216"
10 27 31 3 1 "V217"
31 56 14 3 1 "V218"
26 50 27 3 1 "V219"
2 24.5 -13 3 1 "V267"
10 8 -8 3 1 "V270"
-10 8 -8 3 1 "V271"
