24 32 -18 4 1 "V3"
55 -31 -17 4 1 "V11"
-44 2 46 4 1 "V174"
48 25 27 4 1 "V175"
-47 11 23 4 1 "V176"
-53 -49 43 4 1 "V177"
-23 11 64 4 1 "V178"
58 -53 -14 4 1 "V179"
24 45 -15 4 1 "V180"
-21 38 -18 4 1 "V182"
-18 -76 -24 4 1 "V183"
17 -80 -34 4 1 "V184"
35 -67 -34 4 1 "V185"
47 10 33 4 1 "V186"
-41 6 33 4 1 "V187"
-42 38 21 4 1 "V188"
38 43 15 4 1 "V189"
49 -42 45 4 1 "V190"
-28 -58 48 4 1 "V191"
32 14 56 4 1 "V193"
-42 -55 45 4 1 "V195"
-42 45 -2 4 1 "V198"
33 -53 44 4 1 "V199"
43 49 -2 4 1 "V200"
-42 25 30 4 1 "V201"
-6 26 44 4 1 "V202"
55 -45 37 4 1 "V204"
42 0 47 4 1 "V205"
31 33 26 4 1 "V206"
-35 20 0 4 1 "V208"
36 22 3 4 1 "V209"
37 32 -2 4 1 "V210"
-39 51 17 4 1 "V220"
-2 -13 12 4 1 "V223"
-12.7 10.7 12.2 4 1 "V228"
10 13 10 4 1 "V233"
10 -62 61 4 1 "V251"
-33 -46 47 4 1 "V259"
-32 -1 54 4 1 "V261"
29 -5 54 4 1 "V264"
