8 41 -24 2 1 "V5"
-24 -15 -20 2 1 "V6"
26 -15 -20 2 1 "V7"
65 -24 -19 2 1 "V9"
34 38 -12 2 1 "V12"
-41 -75 26 2 1 "V74"
6 67 -4 2 1 "V75"
8 48 -15 2 1 "V76"
-18 63 -9 2 1 "V78"
-46 -61 21 2 1 "V79"
43 -72 28 2 1 "V80"
-44 12 -34 2 1 "V81"
46 16 -30 2 1 "V82"
-64 -23 -10 2 1 "V83"
-58 -26 -20 2 1 "V84"
27 16 -17 2 1 "V85"
-44 -65 35 2 1 "V86"
-36 -75 44 2 1 "V87"
-7 -55 27 2 1 "V88"
6 -59 35 2 1 "V89"
-11 -56 16 2 1 "V90"
-6 -49 13 2 1 "V91"
8 -48 31 2 1 "V92"
15 -63 26 2 1 "V93"
-6 -37 44 2 1 "V94"
11 -54 17 2 1 "V95"
52 -59 36 2 1 "V96"
23 33 48 2 1 "V97"
-10 39 52 2 1 "V98"
-16 29 53 2 1 "V99"
-35 20 51 2 1 "V100"
22 39 39 2 1 "V101"
13 55 38 2 1 "V102"
-10 55 39 2 1 "V103"
-20 45 39 2 1 "V104"
6 54 16 2 1 "V105"
6 64 22 2 1 "V106"
-7 51 -1 2 1 "V107"
9 54 3 2 1 "V108"
-6 44 -9 2 1 "V109"
8 42 -5 2 1 "V110"
-11 45 8 2 1 "V111"
-6 38 36 2 1 "V112"
-4 42 16 2 1 "V113"
-20 64 19 2 1 "V114"
-8 48 24 2 1 "V115"
64 -12 -18 2 1 "V116"
-56 -13 -10 2 1 "V117"
-58 -30 -4 2 1 "V118"
65 -31 -9 2 1 "V119"
-64 -41 -5 2 1 "V120"
13 30 59 2 1 "V121"
8 41 19 2 1 "V122"
52 -2 -16 2 1 "V123"
-26 -40 -8 2 1 "V124"
27 -37 -13 2 1 "V125"
-34 -38 -16 2 1 "V126"
28 -77 -32 2 1 "V127"
52 7 -30 2 1 "V128"
-53 3 -27 2 1 "V129"
47 -50 29 2 1 "V130"
-49 -42 1 2 1 "V131"
-31 19 -19 2 1 "V132"
-6 -35 31 2 1 "V133"
-7 -71 42 2 1 "V134"
11 -66 42 2 1 "V135"
4 -48 51 2 1 "V136"
-46 31 -13 2 1 "V137"
-10 11 67 2 1 "V138"
49 35 -12 2 1 "V139"
34 54 -13 2 1 "V181"
48 -54 46 2 1 "V192"
37 -65 40 2 1 "V194"
40 18 40 2 1 "V196"
-34 55 4 2 1 "V197"
48 22 10 2 1 "V207"
34 16 -8 2 1 "V211"
-10 34 22 2 1 "V212"
-28 52 21 2 1 "V214"
-4 30 28 2 1 "V215"
10 27 31 2 1 "V217"
31 56 14 2 1 "V218"
26 50 27 2 1 "V219"
6 -24 30 2 1 "V221"
9 -4 6 2 1 "V234"
54 -43 22 2 1 "V235"
-56 -50 10 2 1 "V236"
52 -33 8 2 1 "V238"
51 -29 -4 2 1 "V239"
56 -46 11 2 1 "V240"
53 33 1 2 1 "V241"
-49 25 -1 2 1 "V242"
33 -12 -34 2 1 "V247"
-31 -10 -36 2 1 "V248"
22.8 -2.2 -19 2 1 "V265"
-23.4 -3.4 -18.5 2 1 "V266"
2 24.5 -13 2 1 "V267"
56 -54 19 2 1 "V268"
-56 -56 18 2 1 "V269"
10 8 -8 2 1 "V270"
-10 8 -8 2 1 "V271"
