24 32 -18 3 1 "V3"
-56 -45 -24 3 1 "V4"
8 41 -24 3 1 "V5"
65 -24 -19 3 1 "V9"
55 -31 -17 3 1 "V11"
-36 -75 44 3 1 "V87"
-44 2 46 3 1 "V174"
48 25 27 3 1 "V175"
-47 11 23 3 1 "V176"
-53 -49 43 3 1 "V177"
-23 11 64 3 1 "V178"
58 -53 -14 3 1 "V179"
24 45 -15 3 1 "V180"
-21 38 -18 3 1 "V182"
-18 -76 -24 3 1 "V183"
35 -67 -34 3 1 "V185"
47 10 33 3 1 "V186"
-41 6 33 3 1 "V187"
-42 38 21 3 1 "V188"
38 43 15 3 1 "V189"
49 -42 45 3 1 "V190"
-28 -58 48 3 1 "V191"
48 -54 46 3 1 "V192"
32 14 56 3 1 "V193"
37 -65 40 3 1 "V194"
-42 -55 45 3 1 "V195"
-42 45 -2 3 1 "V198"
33 -53 44 3 1 "V199"
43 49 -2 3 1 "V200"
-42 25 30 3 1 "V201"
-6 26 44 3 1 "V202"
42 0 47 3 1 "V205"
31 33 26 3 1 "V206"
-35 20 0 3 1 "V208"
36 22 3 3 1 "V209"
-39 51 17 3 1 "V220"
-33 -46 47 3 1 "V259"
-32 -1 54 3 1 "V261"
