-25 -98 -12 4 1 "V1"
30 -94 -10 4 1 "V2"
-37 -29 -26 4 1 "V8"
42 -34 -24 4 1 "V10"
-13 -40 1 4 1 "V77"
27 -37 -13 4 1 "V125"
8 -91 -7 4 1 "V140"
17 -91 -14 4 1 "V141"
-12 -95 -13 4 1 "V142"
18 -47 -10 4 1 "V143"
40 -72 14 4 1 "V144"
8 -72 11 4 1 "V145"
-8 -81 7 4 1 "V146"
-28 -79 19 4 1 "V147"
20 -66 2 4 1 "V148"
-24 -91 19 4 1 "V149"
27 -59 -9 4 1 "V150"
-15 -72 -8 4 1 "V151"
-18 -68 5 4 1 "V152"
43 -78 -12 4 1 "V153"
-47 -76 -10 4 1 "V154"
-14 -91 31 4 1 "V155"
15 -87 37 4 1 "V156"
29 -77 25 4 1 "V157"
20 -86 -2 4 1 "V158"
15 -77 31 4 1 "V159"
-16 -52 -1 4 1 "V160"
42 -66 -8 4 1 "V161"
24 -87 24 4 1 "V162"
6 -72 24 4 1 "V163"
-42 -74 0 4 1 "V164"
26 -79 -12 4 1 "V165"
-16 -77 34 4 1 "V166"
-3 -81 21 4 1 "V167"
-40 -88 -6 4 1 "V168"
37 -84 13 4 1 "V169"
6 -81 6 4 1 "V170"
-26 -90 3 4 1 "V171"
-33 -79 -13 4 1 "V172"
37 -81 1 4 1 "V173"
-47 -51 -21 4 1 "V253"
46 -47 -17 4 1 "V254"
46 -59 4 4 1 "V257"
25 -58 60 4 1 "V258"
-42 -60 -9 4 1 "V262"
