-24 -15 -20 1 1 "V6"
-7 -52 61 1 1 "V13"
-41 -75 26 1 1 "V74"
43 -72 28 1 1 "V80"
-36 -75 44 1 1 "V87"
-7 -55 27 1 1 "V88"
-11 -56 16 1 1 "V90"
-6 -49 13 1 1 "V91"
15 -63 26 1 1 "V93"
-6 -37 44 1 1 "V94"
11 -54 17 1 1 "V95"
-26 -40 -8 1 1 "V124"
27 -37 -13 1 1 "V125"
-34 -38 -16 1 1 "V126"
-6 -35 31 1 1 "V133"
-7 -71 42 1 1 "V134"
11 -66 42 1 1 "V135"
4 -48 51 1 1 "V136"
58 -53 -14 1 1 "V179"
-28 -58 48 1 1 "V191"
37 -65 40 1 1 "V194"
33 -53 44 1 1 "V199"
11 -39 50 1 1 "V203"
6 -24 30 1 1 "V221"
-31 -10 -36 1 1 "V248"
10 -62 61 1 1 "V251"
-52 -63 5 1 1 "V252"
22 -65 48 1 1 "V256"
-33 -46 47 1 1 "V259"
-27 -71 37 1 1 "V260"
-32 -1 54 1 1 "V261"
-17 -59 64 1 1 "V263"
