6 67 -4 4 1 "V75"
-18 63 -9 4 1 "V78"
27 16 -17 4 1 "V85"
23 33 48 4 1 "V97"
-16 29 53 4 1 "V99"
22 39 39 4 1 "V101"
13 55 38 4 1 "V102"
-20 45 39 4 1 "V104"
6 54 16 4 1 "V105"
6 64 22 4 1 "V106"
-7 51 -1 4 1 "V107"
9 54 3 4 1 "V108"
-6 44 -9 4 1 "V109"
8 42 -5 4 1 "V110"
-11 45 8 4 1 "V111"
-6 38 36 4 1 "V112"
-4 42 16 4 1 "V113"
-20 64 19 4 1 "V114"
-8 48 24 4 1 "V115"
13 30 59 4 1 "V121"
8 41 19 4 1 "V122"
-31 19 -19 4 1 "V132"
-10 11 67 4 1 "V138"
48 22 10 4 1 "V207"
-35 20 0 4 1 "V208"
37 32 -2 4 1 "V210"
34 16 -8 4 1 "V211"
-10 34 22 4 1 "V212"
-28 52 21 4 1 "V214"
-4 30 28 4 1 "V215"
5 23 37 4 1 "V216"
10 27 31 4 1 "V217"
31 56 14 4 1 "V218"
26 50 27 4 1 "V219"
-39 51 17 4 1 "V220"
6 -24 30 4 1 "V221"
-2 -13 12 4 1 "V223"
-5 -28 -4 4 1 "V226"
-12.7 10.7 12.2 4 1 "V228"
10 13 10 4 1 "V233"
9 -4 6 4 1 "V234"
2 24.5 -13 4 1 "V267"
10 8 -8 4 1 "V270"
-10 8 -8 4 1 "V271"
