-25 -98 -12 1 1 "V1"
30 -94 -10 1 1 "V2"
-56 -45 -24 1 1 "V4"
-37 -29 -26 1 1 "V8"
42 -34 -24 1 1 "V10"
-41 -75 26 1 1 "V74"
-13 -40 1 1 1 "V77"
27 -37 -13 1 1 "V125"
8 -91 -7 1 1 "V140"
17 -91 -14 1 1 "V141"
-12 -95 -13 1 1 "V142"
18 -47 -10 1 1 "V143"
40 -72 14 1 1 "V144"
8 -72 11 1 1 "V145"
-8 -81 7 1 1 "V146"
-28 -79 19 1 1 "V147"
20 -66 2 1 1 "V148"
-24 -91 19 1 1 "V149"
27 -59 -9 1 1 "V150"
-15 -72 -8 1 1 "V151"
-18 -68 5 1 1 "V152"
43 -78 -12 1 1 "V153"
-47 -76 -10 1 1 "V154"
-14 -91 31 1 1 "V155"
15 -87 37 1 1 "V156"
29 -77 25 1 1 "V157"
20 -86 -2 1 1 "V158"
15 -77 31 1 1 "V159"
-16 -52 -1 1 1 "V160"
42 -66 -8 1 1 "V161"
24 -87 24 1 1 "V162"
6 -72 24 1 1 "V163"
-42 -74 0 1 1 "V164"
26 -79 -12 1 1 "V165"
-16 -77 34 1 1 "V166"
-3 -81 21 1 1 "V167"
-40 -88 -6 1 1 "V168"
37 -84 13 1 1 "V169"
6 -81 6 1 1 "V170"
-26 -90 3 1 1 "V171"
-33 -79 -13 1 1 "V172"
37 -81 1 1 1 "V173"
-52 -63 5 1 1 "V252"
-47 -51 -21 1 1 "V253"
46 -47 -17 1 1 "V254"
22 -65 48 1 1 "V256"
46 -59 4 1 1 "V257"
25 -58 60 1 1 "V258"
-27 -71 37 1 1 "V260"
-42 -60 -9 1 1 "V262"
