-24 -15 -20 5 1 "V6"
26 -15 -20 5 1 "V7"
34 38 -12 5 1 "V12"
8 48 -15 5 1 "V76"
-46 -61 21 5 1 "V79"
43 -72 28 5 1 "V80"
-44 12 -34 5 1 "V81"
46 16 -30 5 1 "V82"
-64 -23 -10 5 1 "V83"
-58 -26 -20 5 1 "V84"
-44 -65 35 5 1 "V86"
-7 -55 27 5 1 "V88"
6 -59 35 5 1 "V89"
-11 -56 16 5 1 "V90"
-6 -49 13 5 1 "V91"
8 -48 31 5 1 "V92"
15 -63 26 5 1 "V93"
-6 -37 44 5 1 "V94"
11 -54 17 5 1 "V95"
52 -59 36 5 1 "V96"
-10 39 52 5 1 "V98"
-10 55 39 5 1 "V103"
64 -12 -18 5 1 "V116"
-56 -13 -10 5 1 "V117"
-58 -30 -4 5 1 "V118"
65 -31 -9 5 1 "V119"
-64 -41 -5 5 1 "V120"
52 -2 -16 5 1 "V123"
-26 -40 -8 5 1 "V124"
-34 -38 -16 5 1 "V126"
28 -77 -32 5 1 "V127"
52 7 -30 5 1 "V128"
-53 3 -27 5 1 "V129"
47 -50 29 5 1 "V130"
-49 -42 1 5 1 "V131"
-6 -35 31 5 1 "V133"
-7 -71 42 5 1 "V134"
11 -66 42 5 1 "V135"
4 -48 51 5 1 "V136"
-46 31 -13 5 1 "V137"
49 35 -12 5 1 "V139"
17 -80 -34 5 1 "V184"
54 -43 22 5 1 "V235"
-56 -50 10 5 1 "V236"
52 -33 8 5 1 "V238"
51 -29 -4 5 1 "V239"
56 -46 11 5 1 "V240"
53 33 1 5 1 "V241"
-49 25 -1 5 1 "V242"
33 -12 -34 5 1 "V247"
-31 -10 -36 5 1 "V248"
22.8 -2.2 -19 5 1 "V265"
-23.4 -3.4 -18.5 5 1 "V266"
56 -54 19 5 1 "V268"
-56 -56 18 5 1 "V269"
