1 20 1
1 22 1
1 25 1
1 32 1
1 49 1
1 96 1
1 140 1
1 141 1
1 149 1
1 158 1
1 162 1
1 169 1
2 8 1
2 10 1
2 13 1
2 28 1
2 34 1
2 43 1
2 48 1
2 52 1
2 62 1
2 64 1
2 65 1
2 66 1
2 71 1
2 79 1
2 86 1
2 90 1
2 93 1
2 98 1
2 99 1
2 100 1
2 103 1
2 114 1
2 118 1
2 120 1
2 121 1
2 124 1
2 126 1
2 137 1
2 138 1
2 140 1
2 143 1
2 150 1
2 151 1
2 153 1
2 154 1
2 155 1
2 157 1
2 162 1
2 168 1
2 169 1
2 172 1
2 203 1
2 205 1
2 235 1
2 236 1
2 237 1
2 238 1
2 239 1
2 248 1
2 249 1
2 251 1
2 252 1
2 260 1
2 264 1
3 20 1
3 24 1
3 47 1
3 54 1
3 55 1
3 56 1
3 57 1
3 84 1
3 100 1
3 104 1
3 120 1
3 181 1
3 182 1
3 193 1
3 196 1
3 198 1
3 202 1
3 207 1
3 209 1
3 210 1
3 211 1
3 213 1
3 215 1
3 216 1
3 219 1
3 232 1
4 8 1
4 51 1
4 57 1
4 61 1
4 81 1
4 83 1
4 100 1
4 103 1
4 118 1
4 120 1
4 174 1
4 198 1
4 199 1
4 202 1
4 223 1
4 224 1
4 228 1
4 233 1
4 239 1
5 25 1
5 49 1
5 91 1
5 123 1
6 7 1
6 14 1
6 21 1
6 29 1
6 40 1
6 41 1
6 54 1
6 74 1
6 76 1
6 90 1
6 91 1
6 93 1
6 94 1
6 109 1
6 124 1
6 126 1
6 132 1
6 156 1
6 166 1
6 203 1
6 242 1
6 244 1
6 247 1
7 13 1
7 41 1
7 54 1
7 74 1
7 91 1
7 94 1
7 101 1
7 104 1
7 107 1
7 112 1
7 113 1
7 124 1
7 126 1
7 136 1
7 143 1
7 178 1
7 188 1
7 203 1
7 214 1
7 247 1
8 56 1
8 57 1
8 59 1
8 60 1
8 61 1
8 62 1
8 65 1
8 79 1
8 100 1
8 103 1
8 104 1
8 120 1
8 153 1
8 154 1
8 168 1
8 174 1
8 184 1
8 197 1
8 198 1
8 228 1
8 238 1
8 239 1
8 242 1
8 251 1
8 260 1
8 263 1
8 264 1
9 192 1
9 200 1
10 62 1
10 81 1
10 82 1
10 98 1
10 105 1
10 127 1
10 129 1
10 153 1
10 184 1
10 235 1
10 236 1
10 237 1
10 238 1
10 239 1
10 248 1
10 251 1
11 36 1
11 41 1
11 87 1
11 120 1
11 174 1
11 175 1
11 179 1
11 186 1
11 188 1
11 195 1
11 196 1
11 198 1
11 199 1
11 200 1
11 202 1
11 238 1
11 251 1
11 257 1
12 21 1
12 25 1
12 47 1
12 96 1
12 198 1
12 211 1
12 244 1
13 14 1
13 21 1
13 25 1
13 28 1
13 29 1
13 36 1
13 40 1
13 41 1
13 52 1
13 54 1
13 56 1
13 59 1
13 62 1
13 64 1
13 66 1
13 67 1
13 73 1
13 74 1
13 79 1
13 86 1
13 90 1
13 91 1
13 93 1
13 104 1
13 112 1
13 114 1
13 124 1
13 125 1
13 126 1
13 130 1
13 134 1
13 138 1
13 139 1
13 140 1
13 141 1
13 143 1
13 150 1
13 178 1
13 188 1
13 203 1
13 205 1
13 210 1
13 211 1
13 212 1
13 213 1
13 214 1
13 238 1
13 240 1
13 264 1
14 16 1
14 24 1
14 29 1
14 31 1
14 34 1
14 35 1
14 36 1
14 40 1
14 41 1
14 50 1
14 53 1
14 54 1
14 55 1
14 60 1
14 64 1
14 67 1
14 71 1
14 88 1
14 90 1
14 91 1
14 94 1
14 111 1
14 112 1
14 124 1
14 132 1
14 141 1
14 178 1
14 182 1
14 203 1
14 208 1
14 212 1
14 214 1
14 229 1
14 242 1
15 21 1
15 24 1
15 26 1
15 27 1
15 29 1
15 35 1
15 37 1
15 44 1
15 49 1
15 50 1
15 53 1
15 64 1
15 71 1
15 79 1
15 82 1
15 90 1
15 91 1
15 111 1
15 136 1
15 141 1
15 142 1
15 182 1
15 229 1
15 238 1
15 239 1
15 243 1
16 19 1
16 31 1
16 38 1
16 48 1
16 50 1
16 51 1
16 65 1
16 71 1
16 81 1
16 237 1
16 265 1
17 19 1
17 51 1
17 225 1
17 229 1
18 19 1
18 27 1
18 51 1
18 64 1
18 152 1
19 23 1
19 27 1
19 38 1
19 51 1
19 148 1
19 152 1
20 21 1
20 25 1
20 26 1
20 29 1
20 30 1
20 37 1
20 40 1
20 43 1
20 47 1
20 48 1
20 49 1
20 55 1
20 58 1
20 67 1
20 71 1
20 72 1
20 73 1
20 120 1
20 140 1
20 142 1
20 149 1
20 156 1
20 161 1
20 164 1
20 169 1
20 182 1
20 198 1
20 211 1
20 250 1
20 253 1
20 255 1
21 24 1
21 25 1
21 26 1
21 29 1
21 30 1
21 32 1
21 36 1
21 37 1
21 40 1
21 41 1
21 50 1
21 53 1
21 54 1
21 55 1
21 56 1
21 58 1
21 65 1
21 67 1
21 72 1
21 76 1
21 90 1
21 91 1
21 94 1
21 104 1
21 108 1
21 109 1
21 111 1
21 120 1
21 126 1
21 156 1
21 161 1
21 166 1
21 174 1
21 182 1
21 203 1
21 211 1
21 213 1
21 229 1
21 244 1
21 253 1
22 38 1
22 49 1
22 89 1
22 92 1
22 149 1
22 158 1
22 162 1
22 164 1
22 169 1
22 172 1
22 261 1
23 28 1
23 29 1
23 36 1
23 37 1
23 39 1
23 40 1
23 41 1
23 51 1
23 64 1
23 66 1
23 67 1
23 88 1
23 90 1
23 118 1
23 142 1
23 145 1
23 146 1
23 148 1
23 152 1
23 156 1
23 160 1
23 161 1
23 166 1
23 167 1
23 182 1
23 212 1
23 225 1
23 229 1
23 232 1
23 248 1
23 253 1
24 25 1
24 28 1
24 29 1
24 34 1
24 35 1
24 40 1
24 47 1
24 49 1
24 50 1
24 51 1
24 53 1
24 54 1
24 55 1
24 56 1
24 57 1
24 58 1
24 71 1
24 91 1
24 136 1
24 140 1
24 141 1
24 142 1
24 149 1
24 156 1
24 161 1
24 182 1
24 255 1
25 26 1
25 27 1
25 29 1
25 30 1
25 33 1
25 37 1
25 40 1
25 43 1
25 47 1
25 48 1
25 49 1
25 52 1
25 54 1
25 55 1
25 56 1
25 58 1
25 64 1
25 65 1
25 67 1
25 71 1
25 72 1
25 73 1
25 79 1
25 86 1
25 90 1
25 93 1
25 96 1
25 97 1
25 123 1
25 124 1
25 126 1
25 136 1
25 140 1
25 141 1
25 142 1
25 149 1
25 150 1
25 151 1
25 154 1
25 155 1
25 156 1
25 158 1
25 160 1
25 161 1
25 162 1
25 164 1
25 165 1
25 166 1
25 169 1
25 172 1
25 203 1
25 211 1
25 213 1
25 250 1
25 255 1
25 260 1
25 264 1
26 27 1
26 29 1
26 30 1
26 32 1
26 35 1
26 37 1
26 39 1
26 40 1
26 49 1
26 50 1
26 52 1
26 63 1
26 64 1
26 65 1
26 66 1
26 67 1
26 70 1
26 90 1
26 138 1
26 145 1
26 148 1
26 150 1
26 151 1
26 152 1
26 155 1
26 156 1
26 160 1
26 163 1
26 166 1
26 170 1
26 203 1
26 211 1
26 212 1
26 229 1
27 28 1
27 29 1
27 30 1
27 32 1
27 35 1
27 39 1
27 40 1
27 42 1
27 49 1
27 52 1
27 63 1
27 64 1
27 67 1
27 73 1
27 88 1
27 90 1
27 95 1
27 138 1
27 140 1
27 142 1
27 145 1
27 146 1
27 148 1
27 152 1
27 155 1
27 156 1
27 160 1
27 166 1
27 167 1
27 170 1
27 203 1
27 212 1
27 229 1
28 29 1
28 34 1
28 41 1
28 43 1
28 51 1
28 53 1
28 54 1
28 61 1
28 62 1
28 64 1
28 66 1
28 70 1
28 71 1
28 77 1
28 86 1
28 87 1
28 88 1
28 90 1
28 91 1
28 100 1
28 104 1
28 114 1
28 120 1
28 136 1
28 138 1
28 140 1
28 141 1
28 143 1
28 145 1
28 150 1
28 152 1
28 156 1
28 160 1
28 178 1
28 188 1
28 189 1
28 202 1
28 210 1
28 212 1
28 224 1
28 225 1
28 238 1
29 30 1
29 32 1
29 34 1
29 37 1
29 40 1
29 47 1
29 48 1
29 49 1
29 50 1
29 51 1
29 52 1
29 53 1
29 56 1
29 62 1
29 63 1
29 64 1
29 65 1
29 66 1
29 67 1
29 69 1
29 70 1
29 71 1
29 72 1
29 74 1
29 86 1
29 87 1
29 88 1
29 90 1
29 94 1
29 96 1
29 100 1
29 101 1
29 104 1
29 120 1
29 124 1
29 126 1
29 136 1
29 140 1
29 141 1
29 143 1
29 145 1
29 146 1
29 148 1
29 150 1
29 151 1
29 152 1
29 155 1
29 156 1
29 159 1
29 160 1
29 161 1
29 163 1
29 166 1
29 167 1
29 170 1
29 174 1
29 178 1
29 182 1
29 203 1
29 211 1
29 212 1
29 213 1
29 249 1
29 253 1
30 32 1
30 37 1
30 40 1
30 47 1
30 49 1
30 64 1
30 67 1
30 69 1
30 71 1
30 72 1
30 73 1
30 88 1
30 90 1
30 140 1
30 142 1
30 145 1
30 146 1
30 148 1
30 151 1
30 152 1
30 160 1
30 166 1
30 182 1
30 203 1
30 213 1
30 253 1
31 35 1
31 50 1
31 51 1
31 57 1
32 37 1
32 38 1
32 40 1
32 65 1
32 67 1
32 72 1
32 73 1
32 86 1
32 88 1
32 140 1
32 141 1
32 142 1
32 147 1
32 149 1
32 151 1
32 162 1
32 164 1
32 166 1
32 169 1
32 172 1
33 47 1
33 49 1
33 55 1
33 72 1
33 142 1
33 156 1
33 169 1
33 253 1
34 39 1
34 40 1
34 41 1
34 42 1
34 43 1
34 45 1
34 47 1
34 51 1
34 61 1
34 62 1
34 64 1
34 66 1
34 67 1
34 70 1
34 71 1
34 86 1
34 87 1
34 88 1
34 90 1
34 100 1
34 118 1
34 120 1
34 140 1
34 141 1
34 145 1
34 150 1
34 151 1
34 152 1
34 160 1
34 161 1
34 167 1
34 189 1
34 202 1
34 203 1
34 212 1
34 225 1
34 255 1
35 37 1
35 40 1
35 49 1
35 51 1
35 53 1
35 55 1
35 58 1
35 73 1
35 91 1
35 110 1
35 140 1
35 182 1
35 229 1
36 39 1
36 40 1
36 51 1
36 62 1
36 63 1
36 64 1
36 65 1
36 66 1
36 67 1
36 74 1
36 87 1
36 88 1
36 90 1
36 94 1
36 104 1
36 112 1
36 126 1
36 138 1
36 139 1
36 140 1
36 143 1
36 145 1
36 146 1
36 148 1
36 156 1
36 159 1
36 163 1
36 166 1
36 167 1
36 170 1
36 174 1
36 178 1
36 201 1
36 203 1
36 238 1
36 249 1
36 254 1
36 258 1
37 40 1
37 47 1
37 49 1
37 58 1
37 67 1
37 71 1
37 72 1
37 73 1
37 90 1
37 136 1
37 140 1
37 141 1
37 142 1
37 145 1
37 149 1
37 150 1
37 151 1
37 152 1
37 155 1
37 156 1
37 160 1
37 161 1
37 164 1
37 166 1
37 182 1
37 211 1
37 213 1
37 253 1
38 40 1
38 51 1
38 64 1
38 67 1
38 72 1
38 145 1
38 229 1
39 48 1
39 51 1
39 64 1
39 67 1
39 68 1
39 69 1
39 145 1
39 148 1
39 150 1
39 152 1
39 155 1
39 157 1
39 160 1
39 163 1
39 212 1
40 41 1
40 47 1
40 48 1
40 50 1
40 51 1
40 52 1
40 53 1
40 54 1
40 55 1
40 56 1
40 58 1
40 62 1
40 63 1
40 64 1
40 65 1
40 66 1
40 67 1
40 70 1
40 71 1
40 72 1
40 73 1
40 79 1
40 86 1
40 88 1
40 90 1
40 91 1
40 94 1
40 104 1
40 112 1
40 114 1
40 120 1
40 124 1
40 126 1
40 136 1
40 138 1
40 139 1
40 140 1
40 141 1
40 143 1
40 145 1
40 148 1
40 149 1
40 150 1
40 151 1
40 152 1
40 155 1
40 156 1
40 159 1
40 160 1
40 161 1
40 163 1
40 166 1
40 167 1
40 169 1
40 170 1
40 172 1
40 178 1
40 182 1
40 203 1
40 211 1
40 212 1
40 213 1
40 229 1
40 238 1
40 250 1
40 253 1
41 50 1
41 51 1
41 53 1
41 56 1
41 57 1
41 62 1
41 63 1
41 64 1
41 66 1
41 67 1
41 70 1
41 71 1
41 74 1
41 77 1
41 86 1
41 87 1
41 88 1
41 90 1
41 91 1
41 94 1
41 100 1
41 101 1
41 104 1
41 107 1
41 112 1
41 120 1
41 124 1
41 126 1
41 133 1
41 138 1
41 139 1
41 143 1
41 145 1
41 156 1
41 159 1
41 161 1
41 163 1
41 166 1
41 174 1
41 177 1
41 178 1
41 182 1
41 188 1
41 196 1
41 199 1
41 201 1
41 202 1
41 203 1
41 211 1
41 212 1
41 214 1
41 220 1
41 221 1
41 225 1
41 229 1
41 238 1
41 239 1
41 242 1
41 251 1
41 254 1
42 43 1
42 44 1
42 46 1
42 48 1
42 58 1
42 68 1
42 99 1
42 152 1
42 160 1
42 176 1
42 212 1
42 229 1
42 250 1
43 44 1
43 46 1
43 47 1
43 48 1
43 49 1
43 52 1
43 55 1
43 62 1
43 64 1
43 65 1
43 66 1
43 70 1
43 71 1
43 86 1
43 96 1
43 117 1
43 118 1
43 120 1
43 134 1
43 140 1
43 141 1
43 148 1
43 151 1
43 154 1
43 161 1
43 169 1
43 176 1
43 250 1
43 257 1
43 260 1
43 264 1
44 45 1
44 48 1
44 52 1
44 58 1
44 77 1
44 96 1
44 121 1
44 212 1
44 229 1
44 248 1
44 250 1
45 46 1
45 68 1
45 99 1
45 176 1
46 49 1
46 52 1
46 58 1
47 49 1
47 55 1
47 56 1
47 58 1
47 67 1
47 70 1
47 71 1
47 86 1
47 88 1
47 96 1
47 120 1
47 140 1
47 141 1
47 142 1
47 149 1
47 150 1
47 151 1
47 160 1
47 161 1
47 166 1
47 169 1
47 255 1
48 49 1
48 52 1
48 53 1
48 55 1
48 58 1
48 64 1
48 65 1
48 66 1
48 68 1
48 69 1
48 70 1
48 71 1
48 86 1
48 90 1
48 97 1
48 121 1
48 124 1
48 126 1
48 140 1
48 141 1
48 144 1
48 148 1
48 149 1
48 150 1
48 153 1
48 154 1
48 155 1
48 158 1
48 161 1
48 162 1
48 164 1
48 165 1
48 169 1
48 172 1
48 173 1
48 203 1
48 212 1
48 248 1
48 250 1
48 255 1
48 263 1
48 264 1
49 52 1
49 54 1
49 55 1
49 58 1
49 64 1
49 65 1
49 71 1
49 72 1
49 73 1
49 86 1
49 96 1
49 97 1
49 124 1
49 125 1
49 126 1
49 140 1
49 141 1
49 142 1
49 149 1
49 150 1
49 162 1
49 164 1
49 169 1
49 172 1
49 203 1
49 205 1
49 211 1
49 250 1
49 255 1
49 256 1
49 264 1
50 51 1
50 53 1
50 56 1
50 57 1
50 58 1
50 64 1
50 67 1
50 71 1
50 77 1
50 91 1
50 107 1
50 108 1
50 111 1
50 112 1
50 174 1
50 182 1
50 201 1
50 212 1
50 229 1
50 238 1
51 53 1
51 55 1
51 56 1
51 57 1
51 58 1
51 64 1
51 65 1
51 67 1
51 70 1
51 71 1
51 77 1
51 83 1
51 90 1
51 91 1
51 112 1
51 141 1
51 161 1
51 174 1
51 182 1
51 202 1
51 203 1
51 205 1
51 212 1
51 225 1
51 229 1
51 237 1
51 238 1
51 239 1
51 248 1
51 253 1
52 58 1
52 64 1
52 65 1
52 66 1
52 86 1
52 96 1
52 121 1
52 128 1
52 134 1
52 136 1
52 140 1
52 141 1
52 142 1
52 143 1
52 148 1
52 149 1
52 150 1
52 151 1
52 154 1
52 155 1
52 158 1
52 162 1
52 164 1
52 165 1
52 169 1
52 172 1
52 250 1
53 54 1
53 55 1
53 56 1
53 57 1
53 58 1
53 60 1
53 67 1
53 70 1
53 71 1
53 77 1
53 90 1
53 91 1
53 104 1
53 107 1
53 108 1
53 110 1
53 111 1
53 112 1
53 161 1
53 168 1
53 174 1
53 178 1
53 182 1
53 202 1
53 205 1
53 211 1
53 212 1
53 229 1
53 232 1
53 238 1
53 248 1
53 263 1
54 55 1
54 56 1
54 58 1
54 59 1
54 60 1
54 71 1
54 84 1
54 91 1
54 104 1
54 107 1
54 112 1
54 113 1
54 124 1
54 125 1
54 126 1
54 136 1
54 141 1
54 150 1
54 156 1
54 177 1
54 178 1
54 188 1
54 198 1
54 202 1
54 203 1
54 205 1
54 209 1
54 210 1
54 211 1
54 212 1
54 214 1
54 215 1
54 247 1
54 264 1
55 56 1
55 60 1
55 71 1
55 72 1
55 86 1
55 141 1
55 142 1
55 149 1
55 161 1
55 169 1
55 198 1
55 205 1
55 209 1
55 211 1
55 213 1
55 253 1
55 264 1
56 57 1
56 58 1
56 59 1
56 67 1
56 70 1
56 71 1
56 77 1
56 83 1
56 84 1
56 86 1
56 104 1
56 113 1
56 120 1
56 125 1
56 156 1
56 161 1
56 174 1
56 177 1
56 178 1
56 182 1
56 188 1
56 198 1
56 202 1
56 205 1
56 210 1
56 212 1
56 213 1
56 214 1
56 215 1
56 216 1
56 232 1
56 242 1
56 253 1
56 264 1
57 60 1
57 71 1
57 77 1
57 174 1
57 186 1
57 196 1
57 198 1
57 216 1
57 229 1
57 231 1
57 242 1
58 60 1
58 70 1
58 71 1
58 72 1
58 77 1
58 86 1
58 140 1
58 141 1
58 142 1
58 149 1
58 150 1
58 160 1
58 161 1
58 162 1
58 164 1
58 169 1
58 172 1
58 211 1
58 212 1
58 229 1
58 250 1
59 60 1
59 75 1
59 82 1
59 91 1
59 108 1
59 110 1
59 112 1
59 113 1
59 123 1
59 136 1
59 139 1
59 178 1
59 184 1
59 188 1
59 193 1
59 209 1
59 210 1
59 211 1
59 214 1
59 238 1
60 70 1
60 71 1
60 86 1
60 124 1
60 153 1
60 168 1
60 177 1
60 188 1
60 198 1
60 205 1
60 208 1
60 210 1
60 212 1
60 242 1
60 263 1
60 264 1
61 65 1
61 71 1
61 86 1
61 87 1
61 90 1
61 100 1
61 120 1
61 150 1
61 153 1
61 160 1
61 161 1
61 174 1
61 212 1
61 225 1
61 238 1
61 260 1
62 63 1
62 64 1
62 65 1
62 66 1
62 67 1
62 70 1
62 71 1
62 74 1
62 79 1
62 86 1
62 90 1
62 93 1
62 105 1
62 124 1
62 126 1
62 130 1
62 134 1
62 136 1
62 138 1
62 139 1
62 140 1
62 141 1
62 143 1
62 148 1
62 150 1
62 153 1
62 168 1
62 169 1
62 173 1
62 203 1
62 205 1
62 236 1
62 237 1
62 239 1
62 241 1
62 248 1
62 249 1
62 251 1
62 252 1
62 258 1
62 263 1
62 264 1
63 64 1
63 65 1
63 66 1
63 67 1
63 74 1
63 86 1
63 87 1
63 90 1
63 98 1
63 100 1
63 103 1
63 105 1
63 112 1
63 120 1
63 121 1
63 136 1
63 137 1
63 138 1
63 139 1
63 140 1
63 145 1
63 146 1
63 148 1
63 150 1
63 155 1
63 156 1
63 159 1
63 163 1
63 167 1
63 170 1
63 174 1
63 178 1
63 203 1
63 206 1
63 212 1
63 225 1
63 237 1
63 241 1
63 242 1
63 249 1
63 253 1
63 254 1
64 65 1
64 67 1
64 70 1
64 71 1
64 72 1
64 86 1
64 88 1
64 90 1
64 120 1
64 124 1
64 126 1
64 134 1
64 136 1
64 138 1
64 140 1
64 141 1
64 143 1
64 145 1
64 146 1
64 148 1
64 150 1
64 159 1
64 163 1
64 166 1
64 170 1
64 203 1
64 212 1
64 225 1
64 229 1
64 238 1
64 253 1
65 67 1
65 71 1
65 79 1
65 86 1
65 90 1
65 103 1
65 117 1
65 120 1
65 134 1
65 137 1
65 140 1
65 141 1
65 145 1
65 148 1
65 151 1
65 153 1
65 154 1
65 161 1
65 168 1
65 169 1
65 172 1
65 174 1
65 176 1
65 238 1
65 239 1
65 253 1
65 264 1
66 67 1
66 71 1
66 77 1
66 79 1
66 86 1
66 88 1
66 90 1
66 96 1
66 98 1
66 99 1
66 100 1
66 103 1
66 105 1
66 117 1
66 120 1
66 121 1
66 124 1
66 134 1
66 137 1
66 138 1
66 139 1
66 140 1
66 141 1
66 143 1
66 145 1
66 148 1
66 150 1
66 151 1
66 152 1
66 153 1
66 154 1
66 155 1
66 156 1
66 157 1
66 158 1
66 160 1
66 161 1
66 162 1
66 163 1
66 168 1
66 169 1
66 170 1
66 172 1
66 173 1
66 176 1
66 203 1
66 212 1
66 225 1
66 236 1
66 238 1
66 239 1
66 248 1
66 250 1
66 251 1
66 253 1
66 264 1
67 69 1
67 70 1
67 71 1
67 73 1
67 86 1
67 87 1
67 88 1
67 90 1
67 94 1
67 100 1
67 117 1
67 118 1
67 120 1
67 138 1
67 140 1
67 141 1
67 142 1
67 145 1
67 146 1
67 148 1
67 150 1
67 151 1
67 152 1
67 155 1
67 156 1
67 159 1
67 160 1
67 161 1
67 163 1
67 166 1
67 167 1
67 169 1
67 170 1
67 174 1
67 182 1
67 203 1
67 211 1
67 212 1
67 225 1
67 229 1
67 237 1
67 239 1
67 242 1
67 253 1
68 145 1
68 146 1
68 148 1
68 157 1
69 72 1
69 145 1
69 146 1
69 148 1
69 150 1
69 151 1
69 157 1
69 161 1
69 167 1
69 170 1
69 191 1
69 253 1
69 260 1
70 71 1
70 77 1
70 86 1
70 87 1
70 99 1
70 100 1
70 104 1
70 120 1
70 137 1
70 150 1
70 151 1
70 156 1
70 161 1
70 168 1
70 174 1
70 196 1
70 198 1
70 202 1
70 203 1
70 211 1
70 225 1
70 248 1
70 251 1
70 253 1
70 264 1
71 77 1
71 83 1
71 86 1
71 90 1
71 100 1
71 118 1
71 120 1
71 137 1
71 140 1
71 141 1
71 145 1
71 150 1
71 151 1
71 153 1
71 155 1
71 156 1
71 160 1
71 161 1
71 169 1
71 174 1
71 177 1
71 198 1
71 202 1
71 203 1
71 205 1
71 209 1
71 211 1
71 212 1
71 225 1
71 238 1
71 242 1
71 248 1
71 253 1
71 255 1
71 260 1
71 264 1
72 169 1
72 229 1
72 253 1
73 90 1
73 140 1
73 141 1
73 169 1
73 211 1
74 76 1
74 80 1
74 82 1
74 90 1
74 93 1
74 94 1
74 97 1
74 104 1
74 105 1
74 106 1
74 112 1
74 115 1
74 124 1
74 126 1
74 130 1
74 136 1
74 139 1
74 141 1
74 150 1
74 153 1
74 159 1
74 163 1
74 177 1
74 178 1
74 201 1
74 203 1
74 205 1
74 235 1
74 236 1
74 238 1
74 239 1
74 240 1
74 241 1
74 249 1
74 254 1
74 263 1
74 264 1
74 266 1
75 76 1
75 91 1
75 92 1
75 97 1
75 109 1
75 110 1
75 115 1
75 123 1
75 136 1
75 243 1
76 79 1
76 82 1
76 90 1
76 91 1
76 92 1
76 93 1
76 94 1
76 96 1
76 97 1
76 105 1
76 111 1
76 115 1
76 123 1
76 124 1
76 126 1
76 128 1
76 132 1
76 139 1
77 83 1
77 99 1
77 113 1
77 168 1
77 188 1
77 212 1
77 214 1
77 225 1
77 229 1
77 232 1
77 248 1
77 251 1
78 99 1
78 113 1
78 114 1
78 122 1
78 212 1
78 213 1
78 214 1
78 220 1
79 82 1
79 90 1
79 91 1
79 92 1
79 93 1
79 97 1
79 98 1
79 105 1
79 106 1
79 112 1
79 115 1
79 117 1
79 121 1
79 124 1
79 126 1
79 128 1
79 130 1
79 134 1
79 136 1
79 139 1
79 140 1
79 141 1
79 153 1
79 154 1
79 165 1
79 169 1
79 173 1
79 184 1
79 197 1
79 235 1
79 237 1
79 238 1
79 239 1
79 241 1
79 249 1
79 264 1
80 104 1
80 130 1
80 201 1
80 240 1
81 82 1
81 117 1
81 118 1
81 127 1
81 137 1
81 153 1
81 173 1
81 184 1
81 197 1
81 238 1
81 239 1
81 243 1
81 248 1
81 251 1
82 91 1
82 106 1
82 111 1
82 112 1
82 115 1
82 123 1
82 139 1
82 184 1
82 197 1
82 205 1
82 221 1
82 235 1
82 238 1
82 239 1
82 240 1
82 241 1
82 243 1
82 254 1
82 262 1
82 266 1
82 267 1
83 103 1
83 111 1
83 120 1
83 132 1
83 137 1
83 174 1
83 184 1
83 223 1
83 224 1
83 228 1
83 239 1
83 248 1
84 104 1
84 107 1
84 113 1
84 125 1
84 193 1
84 202 1
84 209 1
84 210 1
84 213 1
84 214 1
84 215 1
84 216 1
84 220 1
86 88 1
86 90 1
86 93 1
86 96 1
86 97 1
86 100 1
86 120 1
86 124 1
86 126 1
86 134 1
86 136 1
86 139 1
86 140 1
86 141 1
86 143 1
86 145 1
86 146 1
86 148 1
86 149 1
86 150 1
86 151 1
86 152 1
86 153 1
86 154 1
86 155 1
86 156 1
86 157 1
86 158 1
86 160 1
86 161 1
86 162 1
86 163 1
86 165 1
86 166 1
86 167 1
86 168 1
86 169 1
86 170 1
86 172 1
86 173 1
86 176 1
86 203 1
86 205 1
86 238 1
86 239 1
86 249 1
86 255 1
86 260 1
86 264 1
87 88 1
87 90 1
87 100 1
87 104 1
87 120 1
87 133 1
87 157 1
87 159 1
87 167 1
87 174 1
87 175 1
87 177 1
87 178 1
87 179 1
87 186 1
87 188 1
87 189 1
87 194 1
87 195 1
87 196 1
87 199 1
87 202 1
87 220 1
87 225 1
87 238 1
87 239 1
87 240 1
87 249 1
87 254 1
87 257 1
87 262 1
88 94 1
88 96 1
88 100 1
88 133 1
88 134 1
88 136 1
88 140 1
88 141 1
88 159 1
88 166 1
88 203 1
89 96 1
89 97 1
89 115 1
89 158 1
89 171 1
89 261 1
90 93 1
90 94 1
90 95 1
90 97 1
90 100 1
90 104 1
90 105 1
90 112 1
90 114 1
90 120 1
90 124 1
90 126 1
90 136 1
90 138 1
90 139 1
90 140 1
90 141 1
90 143 1
90 145 1
90 150 1
90 153 1
90 155 1
90 156 1
90 159 1
90 161 1
90 163 1
90 166 1
90 169 1
90 178 1
90 182 1
90 188 1
90 203 1
90 205 1
90 211 1
90 212 1
90 213 1
90 237 1
90 238 1
90 239 1
90 242 1
90 249 1
90 254 1
91 93 1
91 94 1
91 107 1
91 109 1
91 110 1
91 111 1
91 112 1
91 113 1
91 114 1
91 124 1
91 126 1
91 136 1
91 141 1
91 178 1
91 182 1
91 203 1
91 205 1
91 212 1
91 221 1
91 238 1
92 96 1
92 97 1
92 98 1
92 105 1
92 115 1
92 121 1
92 134 1
92 136 1
92 141 1
92 144 1
92 158 1
92 162 1
92 165 1
92 171 1
92 173 1
92 252 1
92 261 1
92 267 1
93 97 1
93 105 1
93 115 1
93 124 1
93 126 1
93 130 1
93 136 1
93 139 1
93 140 1
93 141 1
93 143 1
93 144 1
93 150 1
93 158 1
93 165 1
93 169 1
93 171 1
93 203 1
93 205 1
93 235 1
93 238 1
93 239 1
93 241 1
93 249 1
93 254 1
93 258 1
93 264 1
94 101 1
94 104 1
94 107 1
94 109 1
94 110 1
94 111 1
94 159 1
94 166 1
94 178 1
94 182 1
94 214 1
94 221 1
94 242 1
95 203 1
95 269 1
96 97 1
96 121 1
96 123 1
96 124 1
96 128 1
96 134 1
96 140 1
96 141 1
96 148 1
96 150 1
96 151 1
96 158 1
96 166 1
96 171 1
96 172 1
96 250 1
96 256 1
96 261 1
96 264 1
97 114 1
97 115 1
97 123 1
97 124 1
97 126 1
97 128 1
97 136 1
97 140 1
97 141 1
97 149 1
97 150 1
97 158 1
97 162 1
97 164 1
97 165 1
97 169 1
97 171 1
97 172 1
97 212 1
97 247 1
97 250 1
97 255 1
97 256 1
97 258 1
97 261 1
97 264 1
98 105 1
98 114 1
98 115 1
98 118 1
98 121 1
98 127 1
98 129 1
98 132 1
98 134 1
98 137 1
98 138 1
98 139 1
98 144 1
98 153 1
98 158 1
98 172 1
98 173 1
98 184 1
98 237 1
99 100 1
99 103 1
99 118 1
99 120 1
99 121 1
99 137 1
99 138 1
99 176 1
99 212 1
99 248 1
99 251 1
100 103 1
100 104 1
100 118 1
100 120 1
100 124 1
100 133 1
100 137 1
100 138 1
100 141 1
100 150 1
100 154 1
100 156 1
100 157 1
100 174 1
100 175 1
100 176 1
100 177 1
100 179 1
100 188 1
100 195 1
100 196 1
100 198 1
100 199 1
100 202 1
100 210 1
100 211 1
100 220 1
100 225 1
100 238 1
100 239 1
100 240 1
100 249 1
100 257 1
101 104 1
101 107 1
101 108 1
101 109 1
101 110 1
101 122 1
101 178 1
101 182 1
101 201 1
101 212 1
101 215 1
101 216 1
101 221 1
103 118 1
103 120 1
103 137 1
103 153 1
103 174 1
103 176 1
103 184 1
103 237 1
103 238 1
103 239 1
103 242 1
103 248 1
104 111 1
104 120 1
104 124 1
104 125 1
104 133 1
104 136 1
104 156 1
104 159 1
104 174 1
104 177 1
104 178 1
104 182 1
104 188 1
104 193 1
104 194 1
104 196 1
104 199 1
104 201 1
104 202 1
104 203 1
104 205 1
104 209 1
104 210 1
104 211 1
104 213 1
104 214 1
104 215 1
104 216 1
104 220 1
104 221 1
104 240 1
104 242 1
105 112 1
105 121 1
105 124 1
105 130 1
105 138 1
105 139 1
105 153 1
105 173 1
105 206 1
105 235 1
105 236 1
105 237 1
105 238 1
105 239 1
105 241 1
105 242 1
105 254 1
105 258 1
106 112 1
106 115 1
106 130 1
106 184 1
106 197 1
106 204 1
106 235 1
106 236 1
106 238 1
106 239 1
106 240 1
106 241 1
106 254 1
106 266 1
106 267 1
107 112 1
107 122 1
107 178 1
107 182 1
107 211 1
107 212 1
107 213 1
107 214 1
107 215 1
107 216 1
107 220 1
107 221 1
108 109 1
108 111 1
108 112 1
108 113 1
108 122 1
108 178 1
108 182 1
108 201 1
108 211 1
108 215 1
108 216 1
108 228 1
109 112 1
109 113 1
109 115 1
109 122 1
109 215 1
109 244 1
110 111 1
110 112 1
110 113 1
110 122 1
110 182 1
110 208 1
110 215 1
110 216 1
110 221 1
111 112 1
111 182 1
111 208 1
111 228 1
111 233 1
111 242 1
112 113 1
112 114 1
112 121 1
112 124 1
112 126 1
112 132 1
112 136 1
112 138 1
112 139 1
112 177 1
112 178 1
112 184 1
112 188 1
112 203 1
112 210 1
112 212 1
112 214 1
112 220 1
112 221 1
112 228 1
112 237 1
112 238 1
112 239 1
112 241 1
112 242 1
112 254 1
113 178 1
113 193 1
113 202 1
113 209 1
113 210 1
113 211 1
113 213 1
113 214 1
113 216 1
113 228 1
114 121 1
114 124 1
114 126 1
114 136 1
114 138 1
114 141 1
114 150 1
114 158 1
114 178 1
114 188 1
114 203 1
114 212 1
114 220 1
114 250 1
114 258 1
114 259 1
115 121 1
115 128 1
115 132 1
115 136 1
115 139 1
115 241 1
115 267 1
117 129 1
117 131 1
117 137 1
117 140 1
117 141 1
117 147 1
117 149 1
117 153 1
117 154 1
117 158 1
117 162 1
117 169 1
117 172 1
117 173 1
117 184 1
117 197 1
117 239 1
117 250 1
117 264 1
118 137 1
118 141 1
118 153 1
118 154 1
118 168 1
118 173 1
118 176 1
118 184 1
118 225 1
118 237 1
118 238 1
118 239 1
118 248 1
118 251 1
118 257 1
119 194 1
119 200 1
119 217 1
120 137 1
120 150 1
120 153 1
120 154 1
120 156 1
120 161 1
120 174 1
120 176 1
120 177 1
120 196 1
120 198 1
120 199 1
120 202 1
120 207 1
120 211 1
120 238 1
120 239 1
120 240 1
120 242 1
120 251 1
120 253 1
120 257 1
120 260 1
121 128 1
121 138 1
121 139 1
121 150 1
121 158 1
121 172 1
121 178 1
121 184 1
121 212 1
121 237 1
121 238 1
121 248 1
121 250 1
122 178 1
122 211 1
122 212 1
122 214 1
122 216 1
122 220 1
122 232 1
123 130 1
123 243 1
123 245 1
123 264 1
124 125 1
124 136 1
124 138 1
124 140 1
124 141 1
124 143 1
124 150 1
124 151 1
124 153 1
124 154 1
124 155 1
124 156 1
124 158 1
124 163 1
124 165 1
124 169 1
124 172 1
124 178 1
124 188 1
124 203 1
124 205 1
124 212 1
124 214 1
124 238 1
124 239 1
124 241 1
124 242 1
124 247 1
124 249 1
124 255 1
124 256 1
124 258 1
124 260 1
124 263 1
124 264 1
125 126 1
125 136 1
125 178 1
125 205 1
125 213 1
126 128 1
126 130 1
126 136 1
126 138 1
126 140 1
126 141 1
126 143 1
126 150 1
126 155 1
126 165 1
126 169 1
126 172 1
126 178 1
126 203 1
126 205 1
126 238 1
126 247 1
126 249 1
126 254 1
126 255 1
126 256 1
126 258 1
126 264 1
127 129 1
128 247 1
129 137 1
129 184 1
129 237 1
129 248 1
130 136 1
130 240 1
130 241 1
130 249 1
130 258 1
131 184 1
132 138 1
132 139 1
132 184 1
132 212 1
132 214 1
132 237 1
132 242 1
133 186 1
133 195 1
133 199 1
134 136 1
134 139 1
134 140 1
134 141 1
134 143 1
134 148 1
134 158 1
134 203 1
134 205 1
134 249 1
134 264 1
135 269 1
136 138 1
136 139 1
136 140 1
136 141 1
136 143 1
136 150 1
136 156 1
136 158 1
136 159 1
136 165 1
136 166 1
136 178 1
136 205 1
136 213 1
136 238 1
136 258 1
137 139 1
137 176 1
137 184 1
137 237 1
137 248 1
137 253 1
138 139 1
138 143 1
138 145 1
138 150 1
138 156 1
138 159 1
138 163 1
138 188 1
138 203 1
138 210 1
138 212 1
138 214 1
138 220 1
138 225 1
138 237 1
138 238 1
138 241 1
138 242 1
138 248 1
139 141 1
139 143 1
139 150 1
139 153 1
139 156 1
139 159 1
139 163 1
139 170 1
139 177 1
139 178 1
139 184 1
139 212 1
139 235 1
139 237 1
139 238 1
139 239 1
139 242 1
139 249 1
140 142 1
140 143 1
140 144 1
140 145 1
140 146 1
140 148 1
140 149 1
140 150 1
140 151 1
140 152 1
140 153 1
140 154 1
140 155 1
140 156 1
140 160 1
140 161 1
140 162 1
140 163 1
140 164 1
140 165 1
140 166 1
140 167 1
140 169 1
140 171 1
140 172 1
140 173 1
140 203 1
140 238 1
140 249 1
140 250 1
140 255 1
140 258 1
140 261 1
140 264 1
141 142 1
141 143 1
141 144 1
141 149 1
141 150 1
141 151 1
141 153 1
141 154 1
141 155 1
141 162 1
141 164 1
141 169 1
141 171 1
141 172 1
141 173 1
141 203 1
141 205 1
141 236 1
141 238 1
141 239 1
141 249 1
141 250 1
141 255 1
141 256 1
141 258 1
141 259 1
141 260 1
141 261 1
141 264 1
142 149 1
142 151 1
142 160 1
142 162 1
142 164 1
142 166 1
142 169 1
142 172 1
143 145 1
143 148 1
143 151 1
143 155 1
143 156 1
143 159 1
143 160 1
143 163 1
143 166 1
143 167 1
143 170 1
143 172 1
143 178 1
143 203 1
143 249 1
144 148 1
144 158 1
144 162 1
144 165 1
144 171 1
144 236 1
144 250 1
144 252 1
145 150 1
145 151 1
145 152 1
145 155 1
145 156 1
145 158 1
145 159 1
145 160 1
145 161 1
145 166 1
145 172 1
145 203 1
145 212 1
145 237 1
145 253 1
146 148 1
146 150 1
146 155 1
146 158 1
146 160 1
146 163 1
146 166 1
146 189 1
147 157 1
147 165 1
147 169 1
147 191 1
148 151 1
148 152 1
148 155 1
148 156 1
148 158 1
148 160 1
148 163 1
148 166 1
148 167 1
148 170 1
148 172 1
148 176 1
148 203 1
148 237 1
148 253 1
149 150 1
149 151 1
149 154 1
149 158 1
149 161 1
149 162 1
149 164 1
149 165 1
149 169 1
149 170 1
149 172 1
149 250 1
149 255 1
149 256 1
149 261 1
150 151 1
150 152 1
150 153 1
150 155 1
150 156 1
150 157 1
150 158 1
150 159 1
150 160 1
150 162 1
150 163 1
150 164 1
150 165 1
150 166 1
150 167 1
150 169 1
150 170 1
150 172 1
150 177 1
150 178 1
150 188 1
150 203 1
150 206 1
150 212 1
150 249 1
150 250 1
150 255 1
150 256 1
150 260 1
150 264 1
151 155 1
151 156 1
151 158 1
151 160 1
151 161 1
151 162 1
151 163 1
151 164 1
151 166 1
151 167 1
151 169 1
151 170 1
151 203 1
151 250 1
151 255 1
151 260 1
151 264 1
152 155 1
152 156 1
152 161 1
152 163 1
152 166 1
152 167 1
152 170 1
152 212 1
152 225 1
152 253 1
153 154 1
153 168 1
153 174 1
153 184 1
153 197 1
153 205 1
153 235 1
153 236 1
153 237 1
153 238 1
153 239 1
153 241 1
153 242 1
153 248 1
153 251 1
153 252 1
153 260 1
153 263 1
153 264 1
154 161 1
154 162 1
154 165 1
154 169 1
154 173 1
154 236 1
154 238 1
154 239 1
154 250 1
154 251 1
154 255 1
154 264 1
155 156 1
155 158 1
155 159 1
155 160 1
155 161 1
155 162 1
155 163 1
155 164 1
155 165 1
155 169 1
155 170 1
155 172 1
155 203 1
155 250 1
155 255 1
155 260 1
156 160 1
156 161 1
156 163 1
156 166 1
156 167 1
156 170 1
156 172 1
156 177 1
156 178 1
156 188 1
156 203 1
156 211 1
156 212 1
156 213 1
156 214 1
156 215 1
156 242 1
156 253 1
157 165 1
157 170 1
157 172 1
157 176 1
157 191 1
157 249 1
157 256 1
157 257 1
157 258 1
158 162 1
158 164 1
158 167 1
158 169 1
158 171 1
158 172 1
158 206 1
158 250 1
158 255 1
158 256 1
158 258 1
158 261 1
158 264 1
159 166 1
159 167 1
159 170 1
159 178 1
159 203 1
159 220 1
159 249 1
159 254 1
159 258 1
160 161 1
160 163 1
160 164 1
160 166 1
160 167 1
160 170 1
160 172 1
160 212 1
160 225 1
160 253 1
161 164 1
161 167 1
161 168 1
161 169 1
161 172 1
161 174 1
161 198 1
161 211 1
161 239 1
161 250 1
161 253 1
161 260 1
161 264 1
162 164 1
162 165 1
162 170 1
162 171 1
162 172 1
162 173 1
162 250 1
162 255 1
162 261 1
162 264 1
163 166 1
163 170 1
163 178 1
163 203 1
163 212 1
163 249 1
164 165 1
164 169 1
164 255 1
165 169 1
165 171 1
165 172 1
165 205 1
165 249 1
165 250 1
165 255 1
165 256 1
165 258 1
165 259 1
165 261 1
165 264 1
166 170 1
166 203 1
166 212 1
166 253 1
167 189 1
167 225 1
168 173 1
168 174 1
168 197 1
168 238 1
168 239 1
168 248 1
168 251 1
168 252 1
168 260 1
168 263 1
168 264 1
169 170 1
169 171 1
169 172 1
169 250 1
169 255 1
169 256 1
169 260 1
169 261 1
169 264 1
170 172 1
170 189 1
170 203 1
170 206 1
170 249 1
170 255 1
171 173 1
171 261 1
172 250 1
172 255 1
172 256 1
172 260 1
172 264 1
173 184 1
173 197 1
173 235 1
173 236 1
173 239 1
173 241 1
173 252 1
173 257 1
173 263 1
173 264 1
174 175 1
174 177 1
174 179 1
174 182 1
174 186 1
174 188 1
174 196 1
174 198 1
174 199 1
174 201 1
174 202 1
174 207 1
174 209 1
174 211 1
174 220 1
174 225 1
174 228 1
174 238 1
174 239 1
174 240 1
174 242 1
174 248 1
174 251 1
174 253 1
174 257 1
175 179 1
175 180 1
175 185 1
175 188 1
175 195 1
175 198 1
175 199 1
175 202 1
175 209 1
175 218 1
175 240 1
175 257 1
175 259 1
176 253 1
176 257 1
177 178 1
177 179 1
177 188 1
177 198 1
177 202 1
177 209 1
177 210 1
177 212 1
177 220 1
177 221 1
177 228 1
177 238 1
177 239 1
177 240 1
177 242 1
177 254 1
177 256 1
177 258 1
177 259 1
177 260 1
177 262 1
177 263 1
178 188 1
178 195 1
178 202 1
178 203 1
178 205 1
178 209 1
178 210 1
178 212 1
178 213 1
178 214 1
178 215 1
178 216 1
178 219 1
178 220 1
178 221 1
178 228 1
178 238 1
178 242 1
178 249 1
178 254 1
178 262 1
179 180 1
179 186 1
179 187 1
179 189 1
179 195 1
179 199 1
179 220 1
179 225 1
179 242 1
179 257 1
180 186 1
180 188 1
180 189 1
180 195 1
180 198 1
180 199 1
180 202 1
180 207 1
180 209 1
180 216 1
180 217 1
180 218 1
180 219 1
180 220 1
181 219 1
182 196 1
182 202 1
182 211 1
182 213 1
182 215 1
182 216 1
182 221 1
182 228 1
182 229 1
182 232 1
183 193 1
183 217 1
183 234 1
184 197 1
184 223 1
184 224 1
184 228 1
184 235 1
184 236 1
184 237 1
184 238 1
184 239 1
184 248 1
184 251 1
186 187 1
186 188 1
186 189 1
186 195 1
186 199 1
186 202 1
186 216 1
186 217 1
186 220 1
186 221 1
186 225 1
186 232 1
186 257 1
188 195 1
188 198 1
188 199 1
188 202 1
188 209 1
188 210 1
188 212 1
188 238 1
188 242 1
188 251 1
188 262 1
189 191 1
189 195 1
189 199 1
189 225 1
189 257 1
190 193 1
192 200 1
193 202 1
193 207 1
193 209 1
193 210 1
193 211 1
193 213 1
193 216 1
193 219 1
193 220 1
194 195 1
194 196 1
194 202 1
194 216 1
194 220 1
195 199 1
195 202 1
195 225 1
195 254 1
195 258 1
195 259 1
195 262 1
196 199 1
196 200 1
196 201 1
196 202 1
196 207 1
196 216 1
196 217 1
196 232 1
197 235 1
197 236 1
197 238 1
197 239 1
197 264 1
198 199 1
198 202 1
198 207 1
198 208 1
198 209 1
198 210 1
198 211 1
198 239 1
198 242 1
198 257 1
198 260 1
198 262 1
198 264 1
199 201 1
199 202 1
199 207 1
199 220 1
199 225 1
199 228 1
199 239 1
199 257 1
200 217 1
201 211 1
201 220 1
201 254 1
202 207 1
202 209 1
202 210 1
202 211 1
202 212 1
202 214 1
202 219 1
202 220 1
202 228 1
202 232 1
202 240 1
203 205 1
203 206 1
203 212 1
203 214 1
203 249 1
204 240 1
204 266 1
204 267 1
205 238 1
205 239 1
205 240 1
205 249 1
205 254 1
205 258 1
205 259 1
205 264 1
207 216 1
207 217 1
207 228 1
208 209 1
208 228 1
209 213 1
209 215 1
209 216 1
209 219 1
209 220 1
209 228 1
209 242 1
210 212 1
210 214 1
210 215 1
210 216 1
210 219 1
210 220 1
210 228 1
210 242 1
211 212 1
211 213 1
211 215 1
211 216 1
211 220 1
211 229 1
211 232 1
212 213 1
212 214 1
212 220 1
212 225 1
212 229 1
212 238 1
212 242 1
212 248 1
213 214 1
213 215 1
213 220 1
214 215 1
214 216 1
214 221 1
214 228 1
214 242 1
215 221 1
215 232 1
215 246 1
216 219 1
216 220 1
216 232 1
217 232 1
217 233 1
217 234 1
218 259 1
219 220 1
220 221 1
220 242 1
221 242 1
221 254 1
223 228 1
223 233 1
224 225 1
224 233 1
225 237 1
225 248 1
225 251 1
225 257 1
227 230 1
227 268 1
228 233 1
228 238 1
228 239 1
228 240 1
228 242 1
228 245 1
228 251 1
229 232 1
231 232 1
233 245 1
233 246 1
235 236 1
235 239 1
235 241 1
235 251 1
235 252 1
235 254 1
235 264 1
235 267 1
236 238 1
236 239 1
236 241 1
236 249 1
236 251 1
236 252 1
236 254 1
236 257 1
236 258 1
236 264 1
236 266 1
237 238 1
237 239 1
237 241 1
237 242 1
237 248 1
237 265 1
238 241 1
238 242 1
238 248 1
238 249 1
238 251 1
238 252 1
238 254 1
238 262 1
238 264 1
239 240 1
239 241 1
239 242 1
239 248 1
239 251 1
239 254 1
239 257 1
239 262 1
239 264 1
239 266 1
240 241 1
240 249 1
240 254 1
240 258 1
240 262 1
241 242 1
241 249 1
241 254 1
241 256 1
241 258 1
241 263 1
241 266 1
242 248 1
242 253 1
242 263 1
243 245 1
244 247 1
245 246 1
248 251 1
248 263 1
249 255 1
249 258 1
249 259 1
249 261 1
249 262 1
250 255 1
250 256 1
250 264 1
251 252 1
252 264 1
252 267 1
254 257 1
254 258 1
254 259 1
254 262 1
254 266 1
255 256 1
255 258 1
255 259 1
255 260 1
255 261 1
255 264 1
256 258 1
256 259 1
256 261 1
256 262 1
257 258 1
257 259 1
257 262 1
258 259 1
258 261 1
258 262 1
258 266 1
259 261 1
259 262 1
260 264 1
262 264 1
263 264 1
266 267 1
268 269 1
20 1 1
22 1 1
25 1 1
32 1 1
49 1 1
96 1 1
140 1 1
141 1 1
149 1 1
158 1 1
162 1 1
169 1 1
8 2 1
10 2 1
13 2 1
28 2 1
34 2 1
43 2 1
48 2 1
52 2 1
62 2 1
64 2 1
65 2 1
66 2 1
71 2 1
79 2 1
86 2 1
90 2 1
93 2 1
98 2 1
99 2 1
100 2 1
103 2 1
114 2 1
118 2 1
120 2 1
121 2 1
124 2 1
126 2 1
137 2 1
138 2 1
140 2 1
143 2 1
150 2 1
151 2 1
153 2 1
154 2 1
155 2 1
157 2 1
162 2 1
168 2 1
169 2 1
172 2 1
203 2 1
205 2 1
235 2 1
236 2 1
237 2 1
238 2 1
239 2 1
248 2 1
249 2 1
251 2 1
252 2 1
260 2 1
264 2 1
20 3 1
24 3 1
47 3 1
54 3 1
55 3 1
56 3 1
57 3 1
84 3 1
100 3 1
104 3 1
120 3 1
181 3 1
182 3 1
193 3 1
196 3 1
198 3 1
202 3 1
207 3 1
209 3 1
210 3 1
211 3 1
213 3 1
215 3 1
216 3 1
219 3 1
232 3 1
8 4 1
51 4 1
57 4 1
61 4 1
81 4 1
83 4 1
100 4 1
103 4 1
118 4 1
120 4 1
174 4 1
198 4 1
199 4 1
202 4 1
223 4 1
224 4 1
228 4 1
233 4 1
239 4 1
25 5 1
49 5 1
91 5 1
123 5 1
7 6 1
14 6 1
21 6 1
29 6 1
40 6 1
41 6 1
54 6 1
74 6 1
76 6 1
90 6 1
91 6 1
93 6 1
94 6 1
109 6 1
124 6 1
126 6 1
132 6 1
156 6 1
166 6 1
203 6 1
242 6 1
244 6 1
247 6 1
13 7 1
41 7 1
54 7 1
74 7 1
91 7 1
94 7 1
101 7 1
104 7 1
107 7 1
112 7 1
113 7 1
124 7 1
126 7 1
136 7 1
143 7 1
178 7 1
188 7 1
203 7 1
214 7 1
247 7 1
56 8 1
57 8 1
59 8 1
60 8 1
61 8 1
62 8 1
65 8 1
79 8 1
100 8 1
103 8 1
104 8 1
120 8 1
153 8 1
154 8 1
168 8 1
174 8 1
184 8 1
197 8 1
198 8 1
228 8 1
238 8 1
239 8 1
242 8 1
251 8 1
260 8 1
263 8 1
264 8 1
192 9 1
200 9 1
62 10 1
81 10 1
82 10 1
98 10 1
105 10 1
127 10 1
129 10 1
153 10 1
184 10 1
235 10 1
236 10 1
237 10 1
238 10 1
239 10 1
248 10 1
251 10 1
36 11 1
41 11 1
87 11 1
120 11 1
174 11 1
175 11 1
179 11 1
186 11 1
188 11 1
195 11 1
196 11 1
198 11 1
199 11 1
200 11 1
202 11 1
238 11 1
251 11 1
257 11 1
21 12 1
25 12 1
47 12 1
96 12 1
198 12 1
211 12 1
244 12 1
14 13 1
21 13 1
25 13 1
28 13 1
29 13 1
36 13 1
40 13 1
41 13 1
52 13 1
54 13 1
56 13 1
59 13 1
62 13 1
64 13 1
66 13 1
67 13 1
73 13 1
74 13 1
79 13 1
86 13 1
90 13 1
91 13 1
93 13 1
104 13 1
112 13 1
114 13 1
124 13 1
125 13 1
126 13 1
130 13 1
134 13 1
138 13 1
139 13 1
140 13 1
141 13 1
143 13 1
150 13 1
178 13 1
188 13 1
203 13 1
205 13 1
210 13 1
211 13 1
212 13 1
213 13 1
214 13 1
238 13 1
240 13 1
264 13 1
16 14 1
24 14 1
29 14 1
31 14 1
34 14 1
35 14 1
36 14 1
40 14 1
41 14 1
50 14 1
53 14 1
54 14 1
55 14 1
60 14 1
64 14 1
67 14 1
71 14 1
88 14 1
90 14 1
91 14 1
94 14 1
111 14 1
112 14 1
124 14 1
132 14 1
141 14 1
178 14 1
182 14 1
203 14 1
208 14 1
212 14 1
214 14 1
229 14 1
242 14 1
21 15 1
24 15 1
26 15 1
27 15 1
29 15 1
35 15 1
37 15 1
44 15 1
49 15 1
50 15 1
53 15 1
64 15 1
71 15 1
79 15 1
82 15 1
90 15 1
91 15 1
111 15 1
136 15 1
141 15 1
142 15 1
182 15 1
229 15 1
238 15 1
239 15 1
243 15 1
19 16 1
31 16 1
38 16 1
48 16 1
50 16 1
51 16 1
65 16 1
71 16 1
81 16 1
237 16 1
265 16 1
19 17 1
51 17 1
225 17 1
229 17 1
19 18 1
27 18 1
51 18 1
64 18 1
152 18 1
23 19 1
27 19 1
38 19 1
51 19 1
148 19 1
152 19 1
21 20 1
25 20 1
26 20 1
29 20 1
30 20 1
37 20 1
40 20 1
43 20 1
47 20 1
48 20 1
49 20 1
55 20 1
58 20 1
67 20 1
71 20 1
72 20 1
73 20 1
120 20 1
140 20 1
142 20 1
149 20 1
156 20 1
161 20 1
164 20 1
169 20 1
182 20 1
198 20 1
211 20 1
250 20 1
253 20 1
255 20 1
24 21 1
25 21 1
26 21 1
29 21 1
30 21 1
32 21 1
36 21 1
37 21 1
40 21 1
41 21 1
50 21 1
53 21 1
54 21 1
55 21 1
56 21 1
58 21 1
65 21 1
67 21 1
72 21 1
76 21 1
90 21 1
91 21 1
94 21 1
104 21 1
108 21 1
109 21 1
111 21 1
120 21 1
126 21 1
156 21 1
161 21 1
166 21 1
174 21 1
182 21 1
203 21 1
211 21 1
213 21 1
229 21 1
244 21 1
253 21 1
38 22 1
49 22 1
89 22 1
92 22 1
149 22 1
158 22 1
162 22 1
164 22 1
169 22 1
172 22 1
261 22 1
28 23 1
29 23 1
36 23 1
37 23 1
39 23 1
40 23 1
41 23 1
51 23 1
64 23 1
66 23 1
67 23 1
88 23 1
90 23 1
118 23 1
142 23 1
145 23 1
146 23 1
148 23 1
152 23 1
156 23 1
160 23 1
161 23 1
166 23 1
167 23 1
182 23 1
212 23 1
225 23 1
229 23 1
232 23 1
248 23 1
253 23 1
25 24 1
28 24 1
29 24 1
34 24 1
35 24 1
40 24 1
47 24 1
49 24 1
50 24 1
51 24 1
53 24 1
54 24 1
55 24 1
56 24 1
57 24 1
58 24 1
71 24 1
91 24 1
136 24 1
140 24 1
141 24 1
142 24 1
149 24 1
156 24 1
161 24 1
182 24 1
255 24 1
26 25 1
27 25 1
29 25 1
30 25 1
33 25 1
37 25 1
40 25 1
43 25 1
47 25 1
48 25 1
49 25 1
52 25 1
54 25 1
55 25 1
56 25 1
58 25 1
64 25 1
65 25 1
67 25 1
71 25 1
72 25 1
73 25 1
79 25 1
86 25 1
90 25 1
93 25 1
96 25 1
97 25 1
123 25 1
124 25 1
126 25 1
136 25 1
140 25 1
141 25 1
142 25 1
149 25 1
150 25 1
151 25 1
154 25 1
155 25 1
156 25 1
158 25 1
160 25 1
161 25 1
162 25 1
164 25 1
165 25 1
166 25 1
169 25 1
172 25 1
203 25 1
211 25 1
213 25 1
250 25 1
255 25 1
260 25 1
264 25 1
27 26 1
29 26 1
30 26 1
32 26 1
35 26 1
37 26 1
39 26 1
40 26 1
49 26 1
50 26 1
52 26 1
63 26 1
64 26 1
65 26 1
66 26 1
67 26 1
70 26 1
90 26 1
138 26 1
145 26 1
148 26 1
150 26 1
151 26 1
152 26 1
155 26 1
156 26 1
160 26 1
163 26 1
166 26 1
170 26 1
203 26 1
211 26 1
212 26 1
229 26 1
28 27 1
29 27 1
30 27 1
32 27 1
35 27 1
39 27 1
40 27 1
42 27 1
49 27 1
52 27 1
63 27 1
64 27 1
67 27 1
73 27 1
88 27 1
90 27 1
95 27 1
138 27 1
140 27 1
142 27 1
145 27 1
146 27 1
148 27 1
152 27 1
155 27 1
156 27 1
160 27 1
166 27 1
167 27 1
170 27 1
203 27 1
212 27 1
229 27 1
29 28 1
34 28 1
41 28 1
43 28 1
51 28 1
53 28 1
54 28 1
61 28 1
62 28 1
64 28 1
66 28 1
70 28 1
71 28 1
77 28 1
86 28 1
87 28 1
88 28 1
90 28 1
91 28 1
100 28 1
104 28 1
114 28 1
120 28 1
136 28 1
138 28 1
140 28 1
141 28 1
143 28 1
145 28 1
150 28 1
152 28 1
156 28 1
160 28 1
178 28 1
188 28 1
189 28 1
202 28 1
210 28 1
212 28 1
224 28 1
225 28 1
238 28 1
30 29 1
32 29 1
34 29 1
37 29 1
40 29 1
47 29 1
48 29 1
49 29 1
50 29 1
51 29 1
52 29 1
53 29 1
56 29 1
62 29 1
63 29 1
64 29 1
65 29 1
66 29 1
67 29 1
69 29 1
70 29 1
71 29 1
72 29 1
74 29 1
86 29 1
87 29 1
88 29 1
90 29 1
94 29 1
96 29 1
100 29 1
101 29 1
104 29 1
120 29 1
124 29 1
126 29 1
136 29 1
140 29 1
141 29 1
143 29 1
145 29 1
146 29 1
148 29 1
150 29 1
151 29 1
152 29 1
155 29 1
156 29 1
159 29 1
160 29 1
161 29 1
163 29 1
166 29 1
167 29 1
170 29 1
174 29 1
178 29 1
182 29 1
203 29 1
211 29 1
212 29 1
213 29 1
249 29 1
253 29 1
32 30 1
37 30 1
40 30 1
47 30 1
49 30 1
64 30 1
67 30 1
69 30 1
71 30 1
72 30 1
73 30 1
88 30 1
90 30 1
140 30 1
142 30 1
145 30 1
146 30 1
148 30 1
151 30 1
152 30 1
160 30 1
166 30 1
182 30 1
203 30 1
213 30 1
253 30 1
35 31 1
50 31 1
51 31 1
57 31 1
37 32 1
38 32 1
40 32 1
65 32 1
67 32 1
72 32 1
73 32 1
86 32 1
88 32 1
140 32 1
141 32 1
142 32 1
147 32 1
149 32 1
151 32 1
162 32 1
164 32 1
166 32 1
169 32 1
172 32 1
47 33 1
49 33 1
55 33 1
72 33 1
142 33 1
156 33 1
169 33 1
253 33 1
39 34 1
40 34 1
41 34 1
42 34 1
43 34 1
45 34 1
47 34 1
51 34 1
61 34 1
62 34 1
64 34 1
66 34 1
67 34 1
70 34 1
71 34 1
86 34 1
87 34 1
88 34 1
90 34 1
100 34 1
118 34 1
120 34 1
140 34 1
141 34 1
145 34 1
150 34 1
151 34 1
152 34 1
160 34 1
161 34 1
167 34 1
189 34 1
202 34 1
203 34 1
212 34 1
225 34 1
255 34 1
37 35 1
40 35 1
49 35 1
51 35 1
53 35 1
55 35 1
58 35 1
73 35 1
91 35 1
110 35 1
140 35 1
182 35 1
229 35 1
39 36 1
40 36 1
51 36 1
62 36 1
63 36 1
64 36 1
65 36 1
66 36 1
67 36 1
74 36 1
87 36 1
88 36 1
90 36 1
94 36 1
104 36 1
112 36 1
126 36 1
138 36 1
139 36 1
140 36 1
143 36 1
145 36 1
146 36 1
148 36 1
156 36 1
159 36 1
163 36 1
166 36 1
167 36 1
170 36 1
174 36 1
178 36 1
201 36 1
203 36 1
238 36 1
249 36 1
254 36 1
258 36 1
40 37 1
47 37 1
49 37 1
58 37 1
67 37 1
71 37 1
72 37 1
73 37 1
90 37 1
136 37 1
140 37 1
141 37 1
142 37 1
145 37 1
149 37 1
150 37 1
151 37 1
152 37 1
155 37 1
156 37 1
160 37 1
161 37 1
164 37 1
166 37 1
182 37 1
211 37 1
213 37 1
253 37 1
40 38 1
51 38 1
64 38 1
67 38 1
72 38 1
145 38 1
229 38 1
48 39 1
51 39 1
64 39 1
67 39 1
68 39 1
69 39 1
145 39 1
148 39 1
150 39 1
152 39 1
155 39 1
157 39 1
160 39 1
163 39 1
212 39 1
41 40 1
47 40 1
48 40 1
50 40 1
51 40 1
52 40 1
53 40 1
54 40 1
55 40 1
56 40 1
58 40 1
62 40 1
63 40 1
64 40 1
65 40 1
66 40 1
67 40 1
70 40 1
71 40 1
72 40 1
73 40 1
79 40 1
86 40 1
88 40 1
90 40 1
91 40 1
94 40 1
104 40 1
112 40 1
114 40 1
120 40 1
124 40 1
126 40 1
136 40 1
138 40 1
139 40 1
140 40 1
141 40 1
143 40 1
145 40 1
148 40 1
149 40 1
150 40 1
151 40 1
152 40 1
155 40 1
156 40 1
159 40 1
160 40 1
161 40 1
163 40 1
166 40 1
167 40 1
169 40 1
170 40 1
172 40 1
178 40 1
182 40 1
203 40 1
211 40 1
212 40 1
213 40 1
229 40 1
238 40 1
250 40 1
253 40 1
50 41 1
51 41 1
53 41 1
56 41 1
57 41 1
62 41 1
63 41 1
64 41 1
66 41 1
67 41 1
70 41 1
71 41 1
74 41 1
77 41 1
86 41 1
87 41 1
88 41 1
90 41 1
91 41 1
94 41 1
100 41 1
101 41 1
104 41 1
107 41 1
112 41 1
120 41 1
124 41 1
126 41 1
133 41 1
138 41 1
139 41 1
143 41 1
145 41 1
156 41 1
159 41 1
161 41 1
163 41 1
166 41 1
174 41 1
177 41 1
178 41 1
182 41 1
188 41 1
196 41 1
199 41 1
201 41 1
202 41 1
203 41 1
211 41 1
212 41 1
214 41 1
220 41 1
221 41 1
225 41 1
229 41 1
238 41 1
239 41 1
242 41 1
251 41 1
254 41 1
43 42 1
44 42 1
46 42 1
48 42 1
58 42 1
68 42 1
99 42 1
152 42 1
160 42 1
176 42 1
212 42 1
229 42 1
250 42 1
44 43 1
46 43 1
47 43 1
48 43 1
49 43 1
52 43 1
55 43 1
62 43 1
64 43 1
65 43 1
66 43 1
70 43 1
71 43 1
86 43 1
96 43 1
117 43 1
118 43 1
120 43 1
134 43 1
140 43 1
141 43 1
148 43 1
151 43 1
154 43 1
161 43 1
169 43 1
176 43 1
250 43 1
257 43 1
260 43 1
264 43 1
45 44 1
48 44 1
52 44 1
58 44 1
77 44 1
96 44 1
121 44 1
212 44 1
229 44 1
248 44 1
250 44 1
46 45 1
68 45 1
99 45 1
176 45 1
49 46 1
52 46 1
58 46 1
49 47 1
55 47 1
56 47 1
58 47 1
67 47 1
70 47 1
71 47 1
86 47 1
88 47 1
96 47 1
120 47 1
140 47 1
141 47 1
142 47 1
149 47 1
150 47 1
151 47 1
160 47 1
161 47 1
166 47 1
169 47 1
255 47 1
49 48 1
52 48 1
53 48 1
55 48 1
58 48 1
64 48 1
65 48 1
66 48 1
68 48 1
69 48 1
70 48 1
71 48 1
86 48 1
90 48 1
97 48 1
121 48 1
124 48 1
126 48 1
140 48 1
141 48 1
144 48 1
148 48 1
149 48 1
150 48 1
153 48 1
154 48 1
155 48 1
158 48 1
161 48 1
162 48 1
164 48 1
165 48 1
169 48 1
172 48 1
173 48 1
203 48 1
212 48 1
248 48 1
250 48 1
255 48 1
263 48 1
264 48 1
52 49 1
54 49 1
55 49 1
58 49 1
64 49 1
65 49 1
71 49 1
72 49 1
73 49 1
86 49 1
96 49 1
97 49 1
124 49 1
125 49 1
126 49 1
140 49 1
141 49 1
142 49 1
149 49 1
150 49 1
162 49 1
164 49 1
169 49 1
172 49 1
203 49 1
205 49 1
211 49 1
250 49 1
255 49 1
256 49 1
264 49 1
51 50 1
53 50 1
56 50 1
57 50 1
58 50 1
64 50 1
67 50 1
71 50 1
77 50 1
91 50 1
107 50 1
108 50 1
111 50 1
112 50 1
174 50 1
182 50 1
201 50 1
212 50 1
229 50 1
238 50 1
53 51 1
55 51 1
56 51 1
57 51 1
58 51 1
64 51 1
65 51 1
67 51 1
70 51 1
71 51 1
77 51 1
83 51 1
90 51 1
91 51 1
112 51 1
141 51 1
161 51 1
174 51 1
182 51 1
202 51 1
203 51 1
205 51 1
212 51 1
225 51 1
229 51 1
237 51 1
238 51 1
239 51 1
248 51 1
253 51 1
58 52 1
64 52 1
65 52 1
66 52 1
86 52 1
96 52 1
121 52 1
128 52 1
134 52 1
136 52 1
140 52 1
141 52 1
142 52 1
143 52 1
148 52 1
149 52 1
150 52 1
151 52 1
154 52 1
155 52 1
158 52 1
162 52 1
164 52 1
165 52 1
169 52 1
172 52 1
250 52 1
54 53 1
55 53 1
56 53 1
57 53 1
58 53 1
60 53 1
67 53 1
70 53 1
71 53 1
77 53 1
90 53 1
91 53 1
104 53 1
107 53 1
108 53 1
110 53 1
111 53 1
112 53 1
161 53 1
168 53 1
174 53 1
178 53 1
182 53 1
202 53 1
205 53 1
211 53 1
212 53 1
229 53 1
232 53 1
238 53 1
248 53 1
263 53 1
55 54 1
56 54 1
58 54 1
59 54 1
60 54 1
71 54 1
84 54 1
91 54 1
104 54 1
107 54 1
112 54 1
113 54 1
124 54 1
125 54 1
126 54 1
136 54 1
141 54 1
150 54 1
156 54 1
177 54 1
178 54 1
188 54 1
198 54 1
202 54 1
203 54 1
205 54 1
209 54 1
210 54 1
211 54 1
212 54 1
214 54 1
215 54 1
247 54 1
264 54 1
56 55 1
60 55 1
71 55 1
72 55 1
86 55 1
141 55 1
142 55 1
149 55 1
161 55 1
169 55 1
198 55 1
205 55 1
209 55 1
211 55 1
213 55 1
253 55 1
264 55 1
57 56 1
58 56 1
59 56 1
67 56 1
70 56 1
71 56 1
77 56 1
83 56 1
84 56 1
86 56 1
104 56 1
113 56 1
120 56 1
125 56 1
156 56 1
161 56 1
174 56 1
177 56 1
178 56 1
182 56 1
188 56 1
198 56 1
202 56 1
205 56 1
210 56 1
212 56 1
213 56 1
214 56 1
215 56 1
216 56 1
232 56 1
242 56 1
253 56 1
264 56 1
60 57 1
71 57 1
77 57 1
174 57 1
186 57 1
196 57 1
198 57 1
216 57 1
229 57 1
231 57 1
242 57 1
60 58 1
70 58 1
71 58 1
72 58 1
77 58 1
86 58 1
140 58 1
141 58 1
142 58 1
149 58 1
150 58 1
160 58 1
161 58 1
162 58 1
164 58 1
169 58 1
172 58 1
211 58 1
212 58 1
229 58 1
250 58 1
60 59 1
75 59 1
82 59 1
91 59 1
108 59 1
110 59 1
112 59 1
113 59 1
123 59 1
136 59 1
139 59 1
178 59 1
184 59 1
188 59 1
193 59 1
209 59 1
210 59 1
211 59 1
214 59 1
238 59 1
70 60 1
71 60 1
86 60 1
124 60 1
153 60 1
168 60 1
177 60 1
188 60 1
198 60 1
205 60 1
208 60 1
210 60 1
212 60 1
242 60 1
263 60 1
264 60 1
65 61 1
71 61 1
86 61 1
87 61 1
90 61 1
100 61 1
120 61 1
150 61 1
153 61 1
160 61 1
161 61 1
174 61 1
212 61 1
225 61 1
238 61 1
260 61 1
63 62 1
64 62 1
65 62 1
66 62 1
67 62 1
70 62 1
71 62 1
74 62 1
79 62 1
86 62 1
90 62 1
93 62 1
105 62 1
124 62 1
126 62 1
130 62 1
134 62 1
136 62 1
138 62 1
139 62 1
140 62 1
141 62 1
143 62 1
148 62 1
150 62 1
153 62 1
168 62 1
169 62 1
173 62 1
203 62 1
205 62 1
236 62 1
237 62 1
239 62 1
241 62 1
248 62 1
249 62 1
251 62 1
252 62 1
258 62 1
263 62 1
264 62 1
64 63 1
65 63 1
66 63 1
67 63 1
74 63 1
86 63 1
87 63 1
90 63 1
98 63 1
100 63 1
103 63 1
105 63 1
112 63 1
120 63 1
121 63 1
136 63 1
137 63 1
138 63 1
139 63 1
140 63 1
145 63 1
146 63 1
148 63 1
150 63 1
155 63 1
156 63 1
159 63 1
163 63 1
167 63 1
170 63 1
174 63 1
178 63 1
203 63 1
206 63 1
212 63 1
225 63 1
237 63 1
241 63 1
242 63 1
249 63 1
253 63 1
254 63 1
65 64 1
67 64 1
70 64 1
71 64 1
72 64 1
86 64 1
88 64 1
90 64 1
120 64 1
124 64 1
126 64 1
134 64 1
136 64 1
138 64 1
140 64 1
141 64 1
143 64 1
145 64 1
146 64 1
148 64 1
150 64 1
159 64 1
163 64 1
166 64 1
170 64 1
203 64 1
212 64 1
225 64 1
229 64 1
238 64 1
253 64 1
67 65 1
71 65 1
79 65 1
86 65 1
90 65 1
103 65 1
117 65 1
120 65 1
134 65 1
137 65 1
140 65 1
141 65 1
145 65 1
148 65 1
151 65 1
153 65 1
154 65 1
161 65 1
168 65 1
169 65 1
172 65 1
174 65 1
176 65 1
238 65 1
239 65 1
253 65 1
264 65 1
67 66 1
71 66 1
77 66 1
79 66 1
86 66 1
88 66 1
90 66 1
96 66 1
98 66 1
99 66 1
100 66 1
103 66 1
105 66 1
117 66 1
120 66 1
121 66 1
124 66 1
134 66 1
137 66 1
138 66 1
139 66 1
140 66 1
141 66 1
143 66 1
145 66 1
148 66 1
150 66 1
151 66 1
152 66 1
153 66 1
154 66 1
155 66 1
156 66 1
157 66 1
158 66 1
160 66 1
161 66 1
162 66 1
163 66 1
168 66 1
169 66 1
170 66 1
172 66 1
173 66 1
176 66 1
203 66 1
212 66 1
225 66 1
236 66 1
238 66 1
239 66 1
248 66 1
250 66 1
251 66 1
253 66 1
264 66 1
69 67 1
70 67 1
71 67 1
73 67 1
86 67 1
87 67 1
88 67 1
90 67 1
94 67 1
100 67 1
117 67 1
118 67 1
120 67 1
138 67 1
140 67 1
141 67 1
142 67 1
145 67 1
146 67 1
148 67 1
150 67 1
151 67 1
152 67 1
155 67 1
156 67 1
159 67 1
160 67 1
161 67 1
163 67 1
166 67 1
167 67 1
169 67 1
170 67 1
174 67 1
182 67 1
203 67 1
211 67 1
212 67 1
225 67 1
229 67 1
237 67 1
239 67 1
242 67 1
253 67 1
145 68 1
146 68 1
148 68 1
157 68 1
72 69 1
145 69 1
146 69 1
148 69 1
150 69 1
151 69 1
157 69 1
161 69 1
167 69 1
170 69 1
191 69 1
253 69 1
260 69 1
71 70 1
77 70 1
86 70 1
87 70 1
99 70 1
100 70 1
104 70 1
120 70 1
137 70 1
150 70 1
151 70 1
156 70 1
161 70 1
168 70 1
174 70 1
196 70 1
198 70 1
202 70 1
203 70 1
211 70 1
225 70 1
248 70 1
251 70 1
253 70 1
264 70 1
77 71 1
83 71 1
86 71 1
90 71 1
100 71 1
118 71 1
120 71 1
137 71 1
140 71 1
141 71 1
145 71 1
150 71 1
151 71 1
153 71 1
155 71 1
156 71 1
160 71 1
161 71 1
169 71 1
174 71 1
177 71 1
198 71 1
202 71 1
203 71 1
205 71 1
209 71 1
211 71 1
212 71 1
225 71 1
238 71 1
242 71 1
248 71 1
253 71 1
255 71 1
260 71 1
264 71 1
169 72 1
229 72 1
253 72 1
90 73 1
140 73 1
141 73 1
169 73 1
211 73 1
76 74 1
80 74 1
82 74 1
90 74 1
93 74 1
94 74 1
97 74 1
104 74 1
105 74 1
106 74 1
112 74 1
115 74 1
124 74 1
126 74 1
130 74 1
136 74 1
139 74 1
141 74 1
150 74 1
153 74 1
159 74 1
163 74 1
177 74 1
178 74 1
201 74 1
203 74 1
205 74 1
235 74 1
236 74 1
238 74 1
239 74 1
240 74 1
241 74 1
249 74 1
254 74 1
263 74 1
264 74 1
266 74 1
76 75 1
91 75 1
92 75 1
97 75 1
109 75 1
110 75 1
115 75 1
123 75 1
136 75 1
243 75 1
79 76 1
82 76 1
90 76 1
91 76 1
92 76 1
93 76 1
94 76 1
96 76 1
97 76 1
105 76 1
111 76 1
115 76 1
123 76 1
124 76 1
126 76 1
128 76 1
132 76 1
139 76 1
83 77 1
99 77 1
113 77 1
168 77 1
188 77 1
212 77 1
214 77 1
225 77 1
229 77 1
232 77 1
248 77 1
251 77 1
99 78 1
113 78 1
114 78 1
122 78 1
212 78 1
213 78 1
214 78 1
220 78 1
82 79 1
90 79 1
91 79 1
92 79 1
93 79 1
97 79 1
98 79 1
105 79 1
106 79 1
112 79 1
115 79 1
117 79 1
121 79 1
124 79 1
126 79 1
128 79 1
130 79 1
134 79 1
136 79 1
139 79 1
140 79 1
141 79 1
153 79 1
154 79 1
165 79 1
169 79 1
173 79 1
184 79 1
197 79 1
235 79 1
237 79 1
238 79 1
239 79 1
241 79 1
249 79 1
264 79 1
104 80 1
130 80 1
201 80 1
240 80 1
82 81 1
117 81 1
118 81 1
127 81 1
137 81 1
153 81 1
173 81 1
184 81 1
197 81 1
238 81 1
239 81 1
243 81 1
248 81 1
251 81 1
91 82 1
106 82 1
111 82 1
112 82 1
115 82 1
123 82 1
139 82 1
184 82 1
197 82 1
205 82 1
221 82 1
235 82 1
238 82 1
239 82 1
240 82 1
241 82 1
243 82 1
254 82 1
262 82 1
266 82 1
267 82 1
103 83 1
111 83 1
120 83 1
132 83 1
137 83 1
174 83 1
184 83 1
223 83 1
224 83 1
228 83 1
239 83 1
248 83 1
104 84 1
107 84 1
113 84 1
125 84 1
193 84 1
202 84 1
209 84 1
210 84 1
213 84 1
214 84 1
215 84 1
216 84 1
220 84 1
88 86 1
90 86 1
93 86 1
96 86 1
97 86 1
100 86 1
120 86 1
124 86 1
126 86 1
134 86 1
136 86 1
139 86 1
140 86 1
141 86 1
143 86 1
145 86 1
146 86 1
148 86 1
149 86 1
150 86 1
151 86 1
152 86 1
153 86 1
154 86 1
155 86 1
156 86 1
157 86 1
158 86 1
160 86 1
161 86 1
162 86 1
163 86 1
165 86 1
166 86 1
167 86 1
168 86 1
169 86 1
170 86 1
172 86 1
173 86 1
176 86 1
203 86 1
205 86 1
238 86 1
239 86 1
249 86 1
255 86 1
260 86 1
264 86 1
88 87 1
90 87 1
100 87 1
104 87 1
120 87 1
133 87 1
157 87 1
159 87 1
167 87 1
174 87 1
175 87 1
177 87 1
178 87 1
179 87 1
186 87 1
188 87 1
189 87 1
194 87 1
195 87 1
196 87 1
199 87 1
202 87 1
220 87 1
225 87 1
238 87 1
239 87 1
240 87 1
249 87 1
254 87 1
257 87 1
262 87 1
94 88 1
96 88 1
100 88 1
133 88 1
134 88 1
136 88 1
140 88 1
141 88 1
159 88 1
166 88 1
203 88 1
96 89 1
97 89 1
115 89 1
158 89 1
171 89 1
261 89 1
93 90 1
94 90 1
95 90 1
97 90 1
100 90 1
104 90 1
105 90 1
112 90 1
114 90 1
120 90 1
124 90 1
126 90 1
136 90 1
138 90 1
139 90 1
140 90 1
141 90 1
143 90 1
145 90 1
150 90 1
153 90 1
155 90 1
156 90 1
159 90 1
161 90 1
163 90 1
166 90 1
169 90 1
178 90 1
182 90 1
188 90 1
203 90 1
205 90 1
211 90 1
212 90 1
213 90 1
237 90 1
238 90 1
239 90 1
242 90 1
249 90 1
254 90 1
93 91 1
94 91 1
107 91 1
109 91 1
110 91 1
111 91 1
112 91 1
113 91 1
114 91 1
124 91 1
126 91 1
136 91 1
141 91 1
178 91 1
182 91 1
203 91 1
205 91 1
212 91 1
221 91 1
238 91 1
96 92 1
97 92 1
98 92 1
105 92 1
115 92 1
121 92 1
134 92 1
136 92 1
141 92 1
144 92 1
158 92 1
162 92 1
165 92 1
171 92 1
173 92 1
252 92 1
261 92 1
267 92 1
97 93 1
105 93 1
115 93 1
124 93 1
126 93 1
130 93 1
136 93 1
139 93 1
140 93 1
141 93 1
143 93 1
144 93 1
150 93 1
158 93 1
165 93 1
169 93 1
171 93 1
203 93 1
205 93 1
235 93 1
238 93 1
239 93 1
241 93 1
249 93 1
254 93 1
258 93 1
264 93 1
101 94 1
104 94 1
107 94 1
109 94 1
110 94 1
111 94 1
159 94 1
166 94 1
178 94 1
182 94 1
214 94 1
221 94 1
242 94 1
203 95 1
269 95 1
97 96 1
121 96 1
123 96 1
124 96 1
128 96 1
134 96 1
140 96 1
141 96 1
148 96 1
150 96 1
151 96 1
158 96 1
166 96 1
171 96 1
172 96 1
250 96 1
256 96 1
261 96 1
264 96 1
114 97 1
115 97 1
123 97 1
124 97 1
126 97 1
128 97 1
136 97 1
140 97 1
141 97 1
149 97 1
150 97 1
158 97 1
162 97 1
164 97 1
165 97 1
169 97 1
171 97 1
172 97 1
212 97 1
247 97 1
250 97 1
255 97 1
256 97 1
258 97 1
261 97 1
264 97 1
105 98 1
114 98 1
115 98 1
118 98 1
121 98 1
127 98 1
129 98 1
132 98 1
134 98 1
137 98 1
138 98 1
139 98 1
144 98 1
153 98 1
158 98 1
172 98 1
173 98 1
184 98 1
237 98 1
100 99 1
103 99 1
118 99 1
120 99 1
121 99 1
137 99 1
138 99 1
176 99 1
212 99 1
248 99 1
251 99 1
103 100 1
104 100 1
118 100 1
120 100 1
124 100 1
133 100 1
137 100 1
138 100 1
141 100 1
150 100 1
154 100 1
156 100 1
157 100 1
174 100 1
175 100 1
176 100 1
177 100 1
179 100 1
188 100 1
195 100 1
196 100 1
198 100 1
199 100 1
202 100 1
210 100 1
211 100 1
220 100 1
225 100 1
238 100 1
239 100 1
240 100 1
249 100 1
257 100 1
104 101 1
107 101 1
108 101 1
109 101 1
110 101 1
122 101 1
178 101 1
182 101 1
201 101 1
212 101 1
215 101 1
216 101 1
221 101 1
118 103 1
120 103 1
137 103 1
153 103 1
174 103 1
176 103 1
184 103 1
237 103 1
238 103 1
239 103 1
242 103 1
248 103 1
111 104 1
120 104 1
124 104 1
125 104 1
133 104 1
136 104 1
156 104 1
159 104 1
174 104 1
177 104 1
178 104 1
182 104 1
188 104 1
193 104 1
194 104 1
196 104 1
199 104 1
201 104 1
202 104 1
203 104 1
205 104 1
209 104 1
210 104 1
211 104 1
213 104 1
214 104 1
215 104 1
216 104 1
220 104 1
221 104 1
240 104 1
242 104 1
112 105 1
121 105 1
124 105 1
130 105 1
138 105 1
139 105 1
153 105 1
173 105 1
206 105 1
235 105 1
236 105 1
237 105 1
238 105 1
239 105 1
241 105 1
242 105 1
254 105 1
258 105 1
112 106 1
115 106 1
130 106 1
184 106 1
197 106 1
204 106 1
235 106 1
236 106 1
238 106 1
239 106 1
240 106 1
241 106 1
254 106 1
266 106 1
267 106 1
112 107 1
122 107 1
178 107 1
182 107 1
211 107 1
212 107 1
213 107 1
214 107 1
215 107 1
216 107 1
220 107 1
221 107 1
109 108 1
111 108 1
112 108 1
113 108 1
122 108 1
178 108 1
182 108 1
201 108 1
211 108 1
215 108 1
216 108 1
228 108 1
112 109 1
113 109 1
115 109 1
122 109 1
215 109 1
244 109 1
111 110 1
112 110 1
113 110 1
122 110 1
182 110 1
208 110 1
215 110 1
216 110 1
221 110 1
112 111 1
182 111 1
208 111 1
228 111 1
233 111 1
242 111 1
113 112 1
114 112 1
121 112 1
124 112 1
126 112 1
132 112 1
136 112 1
138 112 1
139 112 1
177 112 1
178 112 1
184 112 1
188 112 1
203 112 1
210 112 1
212 112 1
214 112 1
220 112 1
221 112 1
228 112 1
237 112 1
238 112 1
239 112 1
241 112 1
242 112 1
254 112 1
178 113 1
193 113 1
202 113 1
209 113 1
210 113 1
211 113 1
213 113 1
214 113 1
216 113 1
228 113 1
121 114 1
124 114 1
126 114 1
136 114 1
138 114 1
141 114 1
150 114 1
158 114 1
178 114 1
188 114 1
203 114 1
212 114 1
220 114 1
250 114 1
258 114 1
259 114 1
121 115 1
128 115 1
132 115 1
136 115 1
139 115 1
241 115 1
267 115 1
129 117 1
131 117 1
137 117 1
140 117 1
141 117 1
147 117 1
149 117 1
153 117 1
154 117 1
158 117 1
162 117 1
169 117 1
172 117 1
173 117 1
184 117 1
197 117 1
239 117 1
250 117 1
264 117 1
137 118 1
141 118 1
153 118 1
154 118 1
168 118 1
173 118 1
176 118 1
184 118 1
225 118 1
237 118 1
238 118 1
239 118 1
248 118 1
251 118 1
257 118 1
194 119 1
200 119 1
217 119 1
137 120 1
150 120 1
153 120 1
154 120 1
156 120 1
161 120 1
174 120 1
176 120 1
177 120 1
196 120 1
198 120 1
199 120 1
202 120 1
207 120 1
211 120 1
238 120 1
239 120 1
240 120 1
242 120 1
251 120 1
253 120 1
257 120 1
260 120 1
128 121 1
138 121 1
139 121 1
150 121 1
158 121 1
172 121 1
178 121 1
184 121 1
212 121 1
237 121 1
238 121 1
248 121 1
250 121 1
178 122 1
211 122 1
212 122 1
214 122 1
216 122 1
220 122 1
232 122 1
130 123 1
243 123 1
245 123 1
264 123 1
125 124 1
136 124 1
138 124 1
140 124 1
141 124 1
143 124 1
150 124 1
151 124 1
153 124 1
154 124 1
155 124 1
156 124 1
158 124 1
163 124 1
165 124 1
169 124 1
172 124 1
178 124 1
188 124 1
203 124 1
205 124 1
212 124 1
214 124 1
238 124 1
239 124 1
241 124 1
242 124 1
247 124 1
249 124 1
255 124 1
256 124 1
258 124 1
260 124 1
263 124 1
264 124 1
126 125 1
136 125 1
178 125 1
205 125 1
213 125 1
128 126 1
130 126 1
136 126 1
138 126 1
140 126 1
141 126 1
143 126 1
150 126 1
155 126 1
165 126 1
169 126 1
172 126 1
178 126 1
203 126 1
205 126 1
238 126 1
247 126 1
249 126 1
254 126 1
255 126 1
256 126 1
258 126 1
264 126 1
129 127 1
247 128 1
137 129 1
184 129 1
237 129 1
248 129 1
136 130 1
240 130 1
241 130 1
249 130 1
258 130 1
184 131 1
138 132 1
139 132 1
184 132 1
212 132 1
214 132 1
237 132 1
242 132 1
186 133 1
195 133 1
199 133 1
136 134 1
139 134 1
140 134 1
141 134 1
143 134 1
148 134 1
158 134 1
203 134 1
205 134 1
249 134 1
264 134 1
269 135 1
138 136 1
139 136 1
140 136 1
141 136 1
143 136 1
150 136 1
156 136 1
158 136 1
159 136 1
165 136 1
166 136 1
178 136 1
205 136 1
213 136 1
238 136 1
258 136 1
139 137 1
176 137 1
184 137 1
237 137 1
248 137 1
253 137 1
139 138 1
143 138 1
145 138 1
150 138 1
156 138 1
159 138 1
163 138 1
188 138 1
203 138 1
210 138 1
212 138 1
214 138 1
220 138 1
225 138 1
237 138 1
238 138 1
241 138 1
242 138 1
248 138 1
141 139 1
143 139 1
150 139 1
153 139 1
156 139 1
159 139 1
163 139 1
170 139 1
177 139 1
178 139 1
184 139 1
212 139 1
235 139 1
237 139 1
238 139 1
239 139 1
242 139 1
249 139 1
142 140 1
143 140 1
144 140 1
145 140 1
146 140 1
148 140 1
149 140 1
150 140 1
151 140 1
152 140 1
153 140 1
154 140 1
155 140 1
156 140 1
160 140 1
161 140 1
162 140 1
163 140 1
164 140 1
165 140 1
166 140 1
167 140 1
169 140 1
171 140 1
172 140 1
173 140 1
203 140 1
238 140 1
249 140 1
250 140 1
255 140 1
258 140 1
261 140 1
264 140 1
142 141 1
143 141 1
144 141 1
149 141 1
150 141 1
151 141 1
153 141 1
154 141 1
155 141 1
162 141 1
164 141 1
169 141 1
171 141 1
172 141 1
173 141 1
203 141 1
205 141 1
236 141 1
238 141 1
239 141 1
249 141 1
250 141 1
255 141 1
256 141 1
258 141 1
259 141 1
260 141 1
261 141 1
264 141 1
149 142 1
151 142 1
160 142 1
162 142 1
164 142 1
166 142 1
169 142 1
172 142 1
145 143 1
148 143 1
151 143 1
155 143 1
156 143 1
159 143 1
160 143 1
163 143 1
166 143 1
167 143 1
170 143 1
172 143 1
178 143 1
203 143 1
249 143 1
148 144 1
158 144 1
162 144 1
165 144 1
171 144 1
236 144 1
250 144 1
252 144 1
150 145 1
151 145 1
152 145 1
155 145 1
156 145 1
158 145 1
159 145 1
160 145 1
161 145 1
166 145 1
172 145 1
203 145 1
212 145 1
237 145 1
253 145 1
148 146 1
150 146 1
155 146 1
158 146 1
160 146 1
163 146 1
166 146 1
189 146 1
157 147 1
165 147 1
169 147 1
191 147 1
151 148 1
152 148 1
155 148 1
156 148 1
158 148 1
160 148 1
163 148 1
166 148 1
167 148 1
170 148 1
172 148 1
176 148 1
203 148 1
237 148 1
253 148 1
150 149 1
151 149 1
154 149 1
158 149 1
161 149 1
162 149 1
164 149 1
165 149 1
169 149 1
170 149 1
172 149 1
250 149 1
255 149 1
256 149 1
261 149 1
151 150 1
152 150 1
153 150 1
155 150 1
156 150 1
157 150 1
158 150 1
159 150 1
160 150 1
162 150 1
163 150 1
164 150 1
165 150 1
166 150 1
167 150 1
169 150 1
170 150 1
172 150 1
177 150 1
178 150 1
188 150 1
203 150 1
206 150 1
212 150 1
249 150 1
250 150 1
255 150 1
256 150 1
260 150 1
264 150 1
155 151 1
156 151 1
158 151 1
160 151 1
161 151 1
162 151 1
163 151 1
164 151 1
166 151 1
167 151 1
169 151 1
170 151 1
203 151 1
250 151 1
255 151 1
260 151 1
264 151 1
155 152 1
156 152 1
161 152 1
163 152 1
166 152 1
167 152 1
170 152 1
212 152 1
225 152 1
253 152 1
154 153 1
168 153 1
174 153 1
184 153 1
197 153 1
205 153 1
235 153 1
236 153 1
237 153 1
238 153 1
239 153 1
241 153 1
242 153 1
248 153 1
251 153 1
252 153 1
260 153 1
263 153 1
264 153 1
161 154 1
162 154 1
165 154 1
169 154 1
173 154 1
236 154 1
238 154 1
239 154 1
250 154 1
251 154 1
255 154 1
264 154 1
156 155 1
158 155 1
159 155 1
160 155 1
161 155 1
162 155 1
163 155 1
164 155 1
165 155 1
169 155 1
170 155 1
172 155 1
203 155 1
250 155 1
255 155 1
260 155 1
160 156 1
161 156 1
163 156 1
166 156 1
167 156 1
170 156 1
172 156 1
177 156 1
178 156 1
188 156 1
203 156 1
211 156 1
212 156 1
213 156 1
214 156 1
215 156 1
242 156 1
253 156 1
165 157 1
170 157 1
172 157 1
176 157 1
191 157 1
249 157 1
256 157 1
257 157 1
258 157 1
162 158 1
164 158 1
167 158 1
169 158 1
171 158 1
172 158 1
206 158 1
250 158 1
255 158 1
256 158 1
258 158 1
261 158 1
264 158 1
166 159 1
167 159 1
170 159 1
178 159 1
203 159 1
220 159 1
249 159 1
254 159 1
258 159 1
161 160 1
163 160 1
164 160 1
166 160 1
167 160 1
170 160 1
172 160 1
212 160 1
225 160 1
253 160 1
164 161 1
167 161 1
168 161 1
169 161 1
172 161 1
174 161 1
198 161 1
211 161 1
239 161 1
250 161 1
253 161 1
260 161 1
264 161 1
164 162 1
165 162 1
170 162 1
171 162 1
172 162 1
173 162 1
250 162 1
255 162 1
261 162 1
264 162 1
166 163 1
170 163 1
178 163 1
203 163 1
212 163 1
249 163 1
165 164 1
169 164 1
255 164 1
169 165 1
171 165 1
172 165 1
205 165 1
249 165 1
250 165 1
255 165 1
256 165 1
258 165 1
259 165 1
261 165 1
264 165 1
170 166 1
203 166 1
212 166 1
253 166 1
189 167 1
225 167 1
173 168 1
174 168 1
197 168 1
238 168 1
239 168 1
248 168 1
251 168 1
252 168 1
260 168 1
263 168 1
264 168 1
170 169 1
171 169 1
172 169 1
250 169 1
255 169 1
256 169 1
260 169 1
261 169 1
264 169 1
172 170 1
189 170 1
203 170 1
206 170 1
249 170 1
255 170 1
173 171 1
261 171 1
250 172 1
255 172 1
256 172 1
260 172 1
264 172 1
184 173 1
197 173 1
235 173 1
236 173 1
239 173 1
241 173 1
252 173 1
257 173 1
263 173 1
264 173 1
175 174 1
177 174 1
179 174 1
182 174 1
186 174 1
188 174 1
196 174 1
198 174 1
199 174 1
201 174 1
202 174 1
207 174 1
209 174 1
211 174 1
220 174 1
225 174 1
228 174 1
238 174 1
239 174 1
240 174 1
242 174 1
248 174 1
251 174 1
253 174 1
257 174 1
179 175 1
180 175 1
185 175 1
188 175 1
195 175 1
198 175 1
199 175 1
202 175 1
209 175 1
218 175 1
240 175 1
257 175 1
259 175 1
253 176 1
257 176 1
178 177 1
179 177 1
188 177 1
198 177 1
202 177 1
209 177 1
210 177 1
212 177 1
220 177 1
221 177 1
228 177 1
238 177 1
239 177 1
240 177 1
242 177 1
254 177 1
256 177 1
258 177 1
259 177 1
260 177 1
262 177 1
263 177 1
188 178 1
195 178 1
202 178 1
203 178 1
205 178 1
209 178 1
210 178 1
212 178 1
213 178 1
214 178 1
215 178 1
216 178 1
219 178 1
220 178 1
221 178 1
228 178 1
238 178 1
242 178 1
249 178 1
254 178 1
262 178 1
180 179 1
186 179 1
187 179 1
189 179 1
195 179 1
199 179 1
220 179 1
225 179 1
242 179 1
257 179 1
186 180 1
188 180 1
189 180 1
195 180 1
198 180 1
199 180 1
202 180 1
207 180 1
209 180 1
216 180 1
217 180 1
218 180 1
219 180 1
220 180 1
219 181 1
196 182 1
202 182 1
211 182 1
213 182 1
215 182 1
216 182 1
221 182 1
228 182 1
229 182 1
232 182 1
193 183 1
217 183 1
234 183 1
197 184 1
223 184 1
224 184 1
228 184 1
235 184 1
236 184 1
237 184 1
238 184 1
239 184 1
248 184 1
251 184 1
187 186 1
188 186 1
189 186 1
195 186 1
199 186 1
202 186 1
216 186 1
217 186 1
220 186 1
221 186 1
225 186 1
232 186 1
257 186 1
195 188 1
198 188 1
199 188 1
202 188 1
209 188 1
210 188 1
212 188 1
238 188 1
242 188 1
251 188 1
262 188 1
191 189 1
195 189 1
199 189 1
225 189 1
257 189 1
193 190 1
200 192 1
202 193 1
207 193 1
209 193 1
210 193 1
211 193 1
213 193 1
216 193 1
219 193 1
220 193 1
195 194 1
196 194 1
202 194 1
216 194 1
220 194 1
199 195 1
202 195 1
225 195 1
254 195 1
258 195 1
259 195 1
262 195 1
199 196 1
200 196 1
201 196 1
202 196 1
207 196 1
216 196 1
217 196 1
232 196 1
235 197 1
236 197 1
238 197 1
239 197 1
264 197 1
199 198 1
202 198 1
207 198 1
208 198 1
209 198 1
210 198 1
211 198 1
239 198 1
242 198 1
257 198 1
260 198 1
262 198 1
264 198 1
201 199 1
202 199 1
207 199 1
220 199 1
225 199 1
228 199 1
239 199 1
257 199 1
217 200 1
211 201 1
220 201 1
254 201 1
207 202 1
209 202 1
210 202 1
211 202 1
212 202 1
214 202 1
219 202 1
220 202 1
228 202 1
232 202 1
240 202 1
205 203 1
206 203 1
212 203 1
214 203 1
249 203 1
240 204 1
266 204 1
267 204 1
238 205 1
239 205 1
240 205 1
249 205 1
254 205 1
258 205 1
259 205 1
264 205 1
216 207 1
217 207 1
228 207 1
209 208 1
228 208 1
213 209 1
215 209 1
216 209 1
219 209 1
220 209 1
228 209 1
242 209 1
212 210 1
214 210 1
215 210 1
216 210 1
219 210 1
220 210 1
228 210 1
242 210 1
212 211 1
213 211 1
215 211 1
216 211 1
220 211 1
229 211 1
232 211 1
213 212 1
214 212 1
220 212 1
225 212 1
229 212 1
238 212 1
242 212 1
248 212 1
214 213 1
215 213 1
220 213 1
215 214 1
216 214 1
221 214 1
228 214 1
242 214 1
221 215 1
232 215 1
246 215 1
219 216 1
220 216 1
232 216 1
232 217 1
233 217 1
234 217 1
259 218 1
220 219 1
221 220 1
242 220 1
242 221 1
254 221 1
228 223 1
233 223 1
225 224 1
233 224 1
237 225 1
248 225 1
251 225 1
257 225 1
230 227 1
268 227 1
233 228 1
238 228 1
239 228 1
240 228 1
242 228 1
245 228 1
251 228 1
232 229 1
232 231 1
245 233 1
246 233 1
236 235 1
239 235 1
241 235 1
251 235 1
252 235 1
254 235 1
264 235 1
267 235 1
238 236 1
239 236 1
241 236 1
249 236 1
251 236 1
252 236 1
254 236 1
257 236 1
258 236 1
264 236 1
266 236 1
238 237 1
239 237 1
241 237 1
242 237 1
248 237 1
265 237 1
241 238 1
242 238 1
248 238 1
249 238 1
251 238 1
252 238 1
254 238 1
262 238 1
264 238 1
240 239 1
241 239 1
242 239 1
248 239 1
251 239 1
254 239 1
257 239 1
262 239 1
264 239 1
266 239 1
241 240 1
249 240 1
254 240 1
258 240 1
262 240 1
242 241 1
249 241 1
254 241 1
256 241 1
258 241 1
263 241 1
266 241 1
248 242 1
253 242 1
263 242 1
245 243 1
247 244 1
246 245 1
251 248 1
263 248 1
255 249 1
258 249 1
259 249 1
261 249 1
262 249 1
255 250 1
256 250 1
264 250 1
252 251 1
264 252 1
267 252 1
257 254 1
258 254 1
259 254 1
262 254 1
266 254 1
256 255 1
258 255 1
259 255 1
260 255 1
261 255 1
264 255 1
258 256 1
259 256 1
261 256 1
262 256 1
258 257 1
259 257 1
262 257 1
259 258 1
261 258 1
262 258 1
266 258 1
261 259 1
262 259 1
264 260 1
264 262 1
264 263 1
267 266 1
269 268 1
